
-3.508e-07  0
-3.498e-07  0
-3.488e-07  0.0015625
-3.478e-07  0.0015625
-3.468e-07  -0.0015625
-3.458e-07  0.0015625
-3.448e-07  0.0015625
-3.438e-07  0.0015625
-3.428e-07  0
-3.418e-07  -0.0015625
-3.408e-07  -0.0015625
-3.398e-07  0.0015625
-3.388e-07  0
-3.378e-07  0.003125
-3.368e-07  -0.0015625
-3.358e-07  0.0015625
-3.348e-07  0.0015625
-3.338e-07  -0.0015625
-3.328e-07  0
-3.318e-07  0.0015625
-3.308e-07  0.0015625
-3.298e-07  0.0015625
-3.288e-07  0.0015625
-3.278e-07  0.0015625
-3.268e-07  0.0015625
-3.258e-07  0
-3.248e-07  -0.0015625
-3.238e-07  0.0015625
-3.228e-07  0
-3.218e-07  -0.0015625
-3.208e-07  -0.0015625
-3.198e-07  0
-3.188e-07  0.0015625
-3.178e-07  0
-3.168e-07  -0.0015625
-3.158e-07  -0.0015625
-3.148e-07  -0.0015625
-3.138e-07  -0.003125
-3.128e-07  -0.003125
-3.118e-07  -0.0015625
-3.108e-07  0.0015625
-3.098e-07  0.003125
-3.088e-07  0.0015625
-3.078e-07  -0.0015625
-3.068e-07  0
-3.058e-07  0
-3.048e-07  0
-3.038e-07  0.0015625
-3.028e-07  0
-3.018e-07  0.0015625
-3.008e-07  -0.0015625
-2.998e-07  -0.0015625
-2.988e-07  -0.0015625
-2.978e-07  -0.0015625
-2.968e-07  0.0015625
-2.958e-07  0.0015625
-2.948e-07  0
-2.938e-07  -0.0015625
-2.928e-07  -0.0015625
-2.918e-07  -0.0015625
-2.908e-07  0
-2.898e-07  -0.0015625
-2.888e-07  0.0015625
-2.878e-07  0.0015625
-2.868e-07  -0.003125
-2.858e-07  -0.003125
-2.848e-07  -0.0015625
-2.838e-07  0
-2.828e-07  0
-2.818e-07  0
-2.808e-07  0.0015625
-2.798e-07  0
-2.788e-07  -0.0015625
-2.778e-07  0
-2.768e-07  0.0015625
-2.758e-07  0.003125
-2.748e-07  0.0015625
-2.738e-07  0
-2.728e-07  0
-2.718e-07  0
-2.708e-07  0
-2.698e-07  0.0015625
-2.688e-07  0.003125
-2.678e-07  0.0015625
-2.668e-07  0.0015625
-2.658e-07  -0.0015625
-2.648e-07  -0.0015625
-2.638e-07  0
-2.628e-07  -0.0015625
-2.618e-07  0
-2.608e-07  0
-2.598e-07  -0.0015625
-2.588e-07  -0.0015625
-2.578e-07  0
-2.568e-07  -0.0015625
-2.558e-07  -0.0015625
-2.548e-07  0.0015625
-2.538e-07  0.0015625
-2.528e-07  -0.0015625
-2.518e-07  -0.003125
-2.508e-07  0
-2.498e-07  -0.0015625
-2.488e-07  -0.0015625
-2.478e-07  0
-2.468e-07  0.0015625
-2.458e-07  0
-2.448e-07  -0.0015625
-2.438e-07  -0.003125
-2.428e-07  0
-2.418e-07  0
-2.408e-07  0.0015625
-2.398e-07  0.0015625
-2.388e-07  0.0015625
-2.378e-07  -0.0015625
-2.368e-07  0.0015625
-2.358e-07  -0.0015625
-2.348e-07  0.0015625
-2.338e-07  0.003125
-2.328e-07  0.003125
-2.318e-07  0.0015625
-2.308e-07  0
-2.298e-07  0
-2.288e-07  0.003125
-2.278e-07  0.0046875
-2.268e-07  0.00625
-2.258e-07  0.0015625
-2.248e-07  0.003125
-2.238e-07  0.0015625
-2.228e-07  0.0015625
-2.218e-07  0
-2.208e-07  0.0015625
-2.198e-07  0
-2.188e-07  0.003125
-2.178e-07  0.0015625
-2.168e-07  0.0015625
-2.158e-07  0
-2.148e-07  0.0015625
-2.138e-07  0.0015625
-2.128e-07  0.0015625
-2.118e-07  0.0015625
-2.108e-07  0
-2.098e-07  -0.0015625
-2.088e-07  0
-2.078e-07  0
-2.068e-07  0.0015625
-2.058e-07  0.0015625
-2.048e-07  -0.0015625
-2.038e-07  -0.003125
-2.028e-07  -0.003125
-2.018e-07  -0.0015625
-2.008e-07  -0.0015625
-1.998e-07  0
-1.988e-07  0
-1.978e-07  -0.0015625
-1.968e-07  -0.003125
-1.958e-07  -0.003125
-1.948e-07  -0.003125
-1.938e-07  -0.0015625
-1.928e-07  0
-1.918e-07  0
-1.908e-07  0
-1.898e-07  -0.003125
-1.888e-07  0
-1.878e-07  -0.0015625
-1.868e-07  -0.0015625
-1.858e-07  0.0015625
-1.848e-07  0.0015625
-1.838e-07  0.0015625
-1.828e-07  -0.0015625
-1.818e-07  -0.0015625
-1.808e-07  0
-1.798e-07  0.0015625
-1.788e-07  0.0015625
-1.778e-07  0.003125
-1.768e-07  0.003125
-1.758e-07  0
-1.748e-07  0.0015625
-1.738e-07  -0.0015625
-1.728e-07  0
-1.718e-07  0.0015625
-1.708e-07  0.0015625
-1.698e-07  0.0015625
-1.688e-07  0.0015625
-1.678e-07  0.003125
-1.668e-07  0.0015625
-1.658e-07  0.003125
-1.648e-07  0.003125
-1.638e-07  0.003125
-1.628e-07  0.0015625
-1.618e-07  -0.0015625
-1.608e-07  -0.0015625
-1.598e-07  0.0015625
-1.588e-07  0
-1.578e-07  0.0015625
-1.568e-07  0.0015625
-1.558e-07  0
-1.548e-07  -0.0015625
-1.538e-07  0
-1.528e-07  0
-1.518e-07  0.0015625
-1.508e-07  0.003125
-1.498e-07  0.0015625
-1.488e-07  0
-1.478e-07  -0.0015625
-1.468e-07  -0.003125
-1.458e-07  -0.0015625
-1.448e-07  -0.0015625
-1.438e-07  0
-1.428e-07  0.0015625
-1.418e-07  0
-1.408e-07  -0.0015625
-1.398e-07  -0.003125
-1.388e-07  -0.0015625
-1.378e-07  -0.0015625
-1.368e-07  -0.0015625
-1.358e-07  -0.003125
-1.348e-07  -0.0015625
-1.338e-07  -0.003125
-1.328e-07  -0.003125
-1.318e-07  -0.003125
-1.308e-07  -0.0015625
-1.298e-07  -0.0015625
-1.288e-07  -0.003125
-1.278e-07  -0.0046875
-1.268e-07  -0.0015625
-1.258e-07  -0.0125
-1.248e-07  -0.03125
-1.238e-07  -0.040625
-1.228e-07  -0.0671875
-1.218e-07  -0.0484375
-1.208e-07  -0.0265625
-1.198e-07  -0.0171875
-1.188e-07  0.0140625
-1.178e-07  0.009375
-1.168e-07  0.0234375
-1.158e-07  0.0078125
-1.148e-07  -0.00625
-1.138e-07  -0.0140625
-1.128e-07  -0.0203125
-1.118e-07  -0.01875
-1.108e-07  -0.0203125
-1.098e-07  -0.0171875
-1.088e-07  0.0078125
-1.078e-07  0.015625
-1.068e-07  0.021875
-1.058e-07  0.01875
-1.048e-07  0.015625
-1.038e-07  0.003125
-1.028e-07  -0.0015625
-1.018e-07  -0.015625
-1.008e-07  -0.0171875
-9.983e-08  -0.021875
-9.883e-08  -0.0046875
-9.783e-08  0.0171875
-9.683e-08  0.0171875
-9.584e-08  0.0296875
-9.483e-08  0.0296875
-9.383e-08  0.04375
-9.283e-08  0.028125
-9.183e-08  0.0140625
-9.084e-08  0.0078125
-8.983e-08  -0.0125
-8.883e-08  0.0078125
-8.784e-08  -0.0125
-8.683e-08  -0.0078125
-8.583e-08  -0.01875
-8.483e-08  -0.00625
-8.383e-08  -0.003125
-8.284e-08  0.0140625
-8.183e-08  0.0171875
-8.083e-08  0.0234375
-7.983e-08  0.0171875
-7.883e-08  0.0046875
-7.783e-08  -0.00625
-7.683e-08  -0.00625
-7.583e-08  -0.00625
-7.483e-08  0
-7.383e-08  0.00625
-7.283e-08  0.003125
-7.183e-08  0.0015625
-7.083e-08  -0.00625
-6.983e-08  -0.0140625
-6.883e-08  -0.015625
-6.783e-08  -0.0203125
-6.683e-08  -0.028125
-6.583e-08  -0.0171875
-6.483e-08  -0.0109375
-6.383e-08  0.0015625
-6.283e-08  -0.003125
-6.183e-08  -0.00625
-6.083e-08  -0.0125
-5.983e-08  -0.003125
-5.883e-08  0.00625
-5.783e-08  0.0140625
-5.683e-08  0.0171875
-5.583e-08  0.0125
-5.483e-08  0.009375
-5.383e-08  0.0078125
-5.283e-08  -0.003125
-5.183e-08  -0.01875
-5.083e-08  -0.0234375
-4.983e-08  -0.0265625
-4.883e-08  -0.021875
-4.783e-08  -0.0171875
-4.683e-08  -0.00625
-4.583e-08  0.0078125
-4.483e-08  0.0171875
-4.383e-08  0.0234375
-4.283e-08  0.0265625
-4.183e-08  0.0296875
-4.083e-08  0.03125
-3.983e-08  0.0234375
-3.883e-08  0.0125
-3.783e-08  0.003125
-3.683e-08  -0.00625
-3.583e-08  -0.0046875
-3.483e-08  -0.003125
-3.383e-08  -0.0015625
-3.283e-08  -0.0015625
-3.183e-08  -0.0046875
-3.083e-08  -0.0046875
-2.983e-08  -0.0015625
-2.883e-08  0.003125
-2.783e-08  0.0078125
-2.683e-08  0.0078125
-2.583e-08  0.009375
-2.483e-08  0.0078125
-2.383e-08  0.00625
-2.283e-08  0.0046875
-2.183e-08  0.0015625
-2.083e-08  0.0046875
-1.983e-08  0.009375
-1.883e-08  0.0125
-1.783e-08  0.0109375
-1.683e-08  0.0078125
-1.583e-08  0.0015625
-1.483e-08  -0.0015625
-1.383e-08  -0.009375
-1.283e-08  -0.015625
-1.183e-08  -0.01875
-1.083e-08  -0.015625
-9.835e-09  -0.0109375
-8.835e-09  -0.0015625
-7.835e-09  0.0015625
-6.835e-09  0.0015625
-5.835e-09  0.0046875
-4.835e-09  0.009375
-3.835e-09  0.00625
-2.835e-09  0.003125
-1.835e-09  0
-8.35e-10  0
1.65e-10  0.0046875
1.165e-09  -0.0015625
2.165e-09  -0.009375
3.165e-09  -0.0078125
4.165e-09  -0.00625
5.165e-09  -0.00625
6.165e-09  -0.0109375
7.165e-09  -0.0078125
8.165e-09  -0.00625
9.165e-09  -0.0046875
1.017e-08  -0.003125
1.117e-08  -0.0109375
1.217e-08  -0.0109375
1.317e-08  -0.00625
1.417e-08  0
1.517e-08  0.0046875
1.617e-08  0.003125
1.717e-08  0.003125
1.817e-08  0.0046875
1.917e-08  0.0078125
2.017e-08  0.009375
2.117e-08  0.0109375
2.217e-08  0.0140625
2.317e-08  0.009375
2.417e-08  0.003125
2.517e-08  -0.0015625
2.617e-08  -0.00625
2.717e-08  -0.0125
2.817e-08  -0.0140625
2.917e-08  -0.0140625
3.017e-08  -0.0140625
3.117e-08  -0.0078125
3.217e-08  -0.0015625
3.317e-08  0.0046875
3.417e-08  0.009375
3.517e-08  0.0140625
3.617e-08  0.0171875
3.717e-08  0.0171875
3.817e-08  0.01875
3.917e-08  0.0140625
4.017e-08  0.0109375
4.117e-08  0.003125
4.217e-08  0.0015625
4.317e-08  -0.003125
4.417e-08  -0.009375
4.517e-08  -0.0140625
4.617e-08  -0.015625
4.717e-08  -0.0140625
4.817e-08  -0.0078125
4.917e-08  -0.0046875
5.017e-08  0.0015625
5.117e-08  0.003125
5.217e-08  0.00625
5.317e-08  0.003125
5.417e-08  0.0046875
5.517e-08  0.00625
5.617e-08  0.00625
5.717e-08  0.0078125
5.817e-08  0.00625
5.917e-08  0.0015625
6.017e-08  -0.0015625
6.117e-08  -0.0046875
6.217e-08  -0.00625
6.317e-08  -0.009375
6.417e-08  -0.0125
6.517e-08  -0.0109375
6.617e-08  -0.0109375
6.717e-08  -0.00625
6.817e-08  -0.0046875
6.917e-08  -0.0015625
7.017e-08  -0.0015625
7.117e-08  -0.0015625
7.217e-08  0.0015625
7.317e-08  0.003125
7.417e-08  0.0015625
7.517e-08  0.0015625
7.617e-08  0.0015625
7.717e-08  0.003125
7.817e-08  0.0015625
7.917e-08  0.0015625
8.017e-08  -0.0015625
8.117e-08  -0.0078125
8.217e-08  -0.0046875
8.317e-08  -0.00625
8.417e-08  -0.00625
8.517e-08  -0.0046875
8.617e-08  -0.0046875
8.717e-08  -0.0015625
8.817e-08  -0.0015625
8.917e-08  0
9.017e-08  0.0015625
9.117e-08  0.0015625
9.217e-08  0.0046875
9.316e-08  0.003125
9.417e-08  0.003125
9.517e-08  0.0015625
9.617e-08  0.003125
9.717e-08  0.0046875
9.817e-08  0.0046875
9.917e-08  0.0046875
1.002e-07  0.003125
1.012e-07  0.0015625
1.022e-07  0
1.032e-07  -0.0015625
1.042e-07  -0.0015625
1.052e-07  0
1.062e-07  0
1.072e-07  -0.0015625
1.082e-07  0
1.092e-07  -0.0015625
1.102e-07  0
1.112e-07  0.0015625
1.122e-07  0.0046875
1.132e-07  0.0046875
1.142e-07  0.003125
1.152e-07  0.003125
1.162e-07  -0.0015625
1.172e-07  0.0015625
1.182e-07  0.003125
1.192e-07  0.003125
1.202e-07  0.0015625
1.212e-07  -0.0015625
1.222e-07  -0.0046875
1.232e-07  -0.00625
1.242e-07  -0.00625
1.252e-07  -0.0046875
1.262e-07  -0.0046875
1.272e-07  -0.00625
1.282e-07  -0.003125
1.292e-07  -0.0046875
1.302e-07  -0.0046875
1.312e-07  -0.003125
1.322e-07  0
1.332e-07  0
1.342e-07  0
1.352e-07  -0.003125
1.362e-07  -0.0046875
1.372e-07  -0.0015625
1.382e-07  -0.003125
1.392e-07  -0.0015625
1.402e-07  -0.0015625
1.412e-07  -0.00625
1.422e-07  -0.0046875
1.432e-07  -0.0046875
1.442e-07  -0.00625
1.452e-07  -0.0046875
1.462e-07  -0.003125
1.472e-07  -0.0015625
1.482e-07  -0.0015625
1.492e-07  -0.0015625
1.502e-07  -0.003125
