
-3,508e-07  -0,015625
-3,498e-07  -0,03125
-3,488e-07  0,015625
-3,478e-07  0
-3,468e-07  0
-3,458e-07  0
-3,448e-07  0
-3,438e-07  -0,015625
-3,428e-07  -0,03125
-3,418e-07  -0,015625
-3,408e-07  0
-3,398e-07  0
-3,388e-07  -0,015625
-3,378e-07  0
-3,368e-07  0,015625
-3,358e-07  0
-3,348e-07  0
-3,338e-07  0
-3,328e-07  0
-3,318e-07  0
-3,308e-07  0
-3,298e-07  0
-3,288e-07  0,015625
-3,278e-07  0
-3,268e-07  -0,015625
-3,258e-07  0,015625
-3,248e-07  0,015625
-3,238e-07  0
-3,228e-07  0
-3,218e-07  0,015625
-3,208e-07  0
-3,198e-07  0
-3,188e-07  0
-3,178e-07  0,015625
-3,168e-07  0
-3,158e-07  0,015625
-3,148e-07  0,015625
-3,138e-07  0
-3,128e-07  0,015625
-3,118e-07  0,015625
-3,108e-07  0,015625
-3,098e-07  0
-3,088e-07  0
-3,078e-07  0
-3,068e-07  0,015625
-3,058e-07  -0,015625
-3,048e-07  0
-3,038e-07  0
-3,028e-07  0
-3,018e-07  0
-3,008e-07  0,015625
-2,998e-07  0
-2,988e-07  0
-2,978e-07  0
-2,968e-07  0
-2,958e-07  0,03125
-2,948e-07  0
-2,938e-07  -0,015625
-2,928e-07  0
-2,918e-07  0
-2,908e-07  -0,015625
-2,898e-07  0
-2,888e-07  0,015625
-2,878e-07  0
-2,868e-07  0
-2,858e-07  0
-2,848e-07  0
-2,838e-07  0
-2,828e-07  0
-2,818e-07  0
-2,808e-07  0,015625
-2,798e-07  0
-2,788e-07  0
-2,778e-07  0
-2,768e-07  0,015625
-2,758e-07  0
-2,748e-07  0
-2,738e-07  -0,015625
-2,728e-07  0
-2,718e-07  -0,015625
-2,708e-07  0,015625
-2,698e-07  0,015625
-2,688e-07  0
-2,678e-07  0
-2,668e-07  0
-2,658e-07  0,03125
-2,648e-07  0
-2,638e-07  -0,015625
-2,628e-07  0
-2,618e-07  -0,015625
-2,608e-07  0
-2,598e-07  -0,015625
-2,588e-07  0
-2,578e-07  0
-2,568e-07  0
-2,558e-07  0
-2,548e-07  -0,015625
-2,538e-07  0
-2,528e-07  0
-2,518e-07  -0,015625
-2,508e-07  0
-2,498e-07  0
-2,488e-07  0
-2,478e-07  0,03125
-2,468e-07  0,03125
-2,458e-07  0,046875
-2,448e-07  0,0625
-2,438e-07  0,0625
-2,428e-07  0,09375
-2,418e-07  0,109375
-2,408e-07  0,09375
-2,398e-07  0,125
-2,388e-07  0,09375
-2,378e-07  0,09375
-2,368e-07  0,078125
-2,358e-07  0,0625
-2,348e-07  0,0625
-2,338e-07  0,0625
-2,328e-07  0,0625
-2,318e-07  0,015625
-2,308e-07  0,015625
-2,298e-07  0,046875
-2,288e-07  0,03125
-2,278e-07  0,03125
-2,268e-07  0,03125
-2,258e-07  0,03125
-2,248e-07  0,0625
-2,238e-07  0,0625
-2,228e-07  0,0625
-2,218e-07  0,03125
-2,208e-07  0,03125
-2,198e-07  0,0625
-2,188e-07  0
-2,178e-07  0
-2,168e-07  0
-2,158e-07  0
-2,148e-07  0
-2,138e-07  0
-2,128e-07  0
-2,118e-07  0
-2,108e-07  -0,03125
-2,098e-07  0
-2,088e-07  -0,015625
-2,078e-07  -0,015625
-2,068e-07  -0,015625
-2,058e-07  -0,015625
-2,048e-07  -0,03125
-2,038e-07  -0,03125
-2,028e-07  -0,015625
-2,018e-07  -0,015625
-2,008e-07  0
-1,998e-07  0
-1,988e-07  -0,046875
-1,978e-07  0
-1,968e-07  -0,015625
-1,958e-07  0
-1,948e-07  0,015625
-1,938e-07  0
-1,928e-07  0,015625
-1,918e-07  0
-1,908e-07  0,015625
-1,898e-07  0
-1,888e-07  0,015625
-1,878e-07  0
-1,868e-07  0,015625
-1,858e-07  0
-1,848e-07  0
-1,838e-07  0
-1,828e-07  0
-1,818e-07  0
-1,808e-07  -0,015625
-1,798e-07  -0,03125
-1,788e-07  -0,015625
-1,778e-07  0
-1,768e-07  0
-1,758e-07  0
-1,748e-07  0
-1,738e-07  0
-1,728e-07  -0,015625
-1,718e-07  -0,015625
-1,708e-07  0
-1,698e-07  -0,015625
-1,688e-07  0
-1,678e-07  -0,015625
-1,668e-07  -0,015625
-1,658e-07  0
-1,648e-07  0
-1,638e-07  0
-1,628e-07  -0,015625
-1,618e-07  0
-1,608e-07  0
-1,598e-07  0,015625
-1,588e-07  0
-1,578e-07  0
-1,568e-07  0
-1,558e-07  -0,03125
-1,548e-07  0,015625
-1,538e-07  0
-1,528e-07  -0,03125
-1,518e-07  -0,03125
-1,508e-07  -0,03125
-1,498e-07  -0,03125
-1,488e-07  -0,03125
-1,478e-07  0
-1,468e-07  0
-1,458e-07  -0,015625
-1,448e-07  -0,0625
-1,438e-07  -0,0625
-1,428e-07  -0,0625
-1,418e-07  -0,0625
-1,408e-07  -0,09375
-1,398e-07  -0,09375
-1,388e-07  -0,09375
-1,378e-07  -0,09375
-1,368e-07  -0,0625
-1,358e-07  -0,0625
-1,348e-07  -0,0625
-1,338e-07  -0,03125
-1,328e-07  0
-1,318e-07  0
-1,308e-07  -0,015625
-1,298e-07  -0,015625
-1,288e-07  0
-1,278e-07  0
-1,268e-07  0
-1,258e-07  -0,015625
-1,248e-07  -0,03125
-1,238e-07  -0,015625
-1,228e-07  -0,03125
-1,218e-07  -0,046875
-1,208e-07  -0,03125
-1,198e-07  -0,015625
-1,188e-07  0
-1,178e-07  0
-1,168e-07  0
-1,158e-07  0,015625
-1,148e-07  0,015625
-1,138e-07  0,015625
-1,128e-07  0
-1,118e-07  0,015625
-1,108e-07  0
-1,098e-07  0,015625
-1,088e-07  0,03125
-1,078e-07  0
-1,068e-07  0
-1,058e-07  0,015625
-1,048e-07  0,015625
-1,038e-07  0
-1,028e-07  -0,015625
-1,018e-07  -0,03125
-1,008e-07  -0,046875
-9,983e-08  -0,03125
-9,883e-08  -0,015625
-9,783e-08  0
-9,683e-08  -0,015625
-9,584e-08  -0,015625
-9,483e-08  -0,03125
-9,383e-08  -0,03125
-9,283e-08  0
-9,183e-08  -0,015625
-9,084e-08  0
-8,983e-08  0
-8,883e-08  0
-8,784e-08  0,015625
-8,683e-08  0
-8,583e-08  0,015625
-8,483e-08  0
-8,383e-08  0,015625
-8,284e-08  0,015625
-8,183e-08  0,03125
-8,083e-08  0,015625
-7,983e-08  0
-7,883e-08  0
-7,783e-08  0
-7,683e-08  0,015625
-7,583e-08  0
-7,483e-08  0,015625
-7,383e-08  0,015625
-7,283e-08  0,03125
-7,183e-08  0,046875
-7,083e-08  0,03125
-6,983e-08  0,015625
-6,883e-08  0,046875
-6,783e-08  0,046875
-6,683e-08  0,015625
-6,583e-08  0,0625
-6,483e-08  0,0625
-6,383e-08  0,0625
-6,283e-08  0,0625
-6,183e-08  0,03125
-6,083e-08  0,0625
-5,983e-08  0,046875
-5,883e-08  0,03125
-5,783e-08  0,046875
-5,683e-08  0,03125
-5,583e-08  0
-5,483e-08  0,015625
-5,383e-08  0,03125
-5,283e-08  0,015625
-5,183e-08  0
-5,083e-08  0
-4,983e-08  -0,03125
-4,883e-08  0
-4,783e-08  0
-4,683e-08  -0,046875
-4,583e-08  -0,046875
-4,483e-08  -0,03125
-4,383e-08  -0,015625
-4,283e-08  -0,03125
-4,183e-08  -0,03125
-4,083e-08  -0,015625
-3,983e-08  -0,03125
-3,883e-08  -0,03125
-3,783e-08  -0,03125
-3,683e-08  -0,03125
-3,583e-08  -0,0625
-3,483e-08  -0,0625
-3,383e-08  -0,03125
-3,283e-08  -0,03125
-3,183e-08  -0,03125
-3,083e-08  -0,015625
-2,983e-08  -0,046875
-2,883e-08  -0,015625
-2,783e-08  0
-2,683e-08  -0,03125
-2,583e-08  -0,03125
-2,483e-08  -0,109375
-2,383e-08  -0,1875
-2,283e-08  -0,234375
-2,183e-08  -0,28125
-2,083e-08  -0,3125
-1,983e-08  -0,375
-1,883e-08  -0,4375
-1,783e-08  -0,5
-1,683e-08  -0,5
-1,583e-08  -0,5
-1,483e-08  -0,5
-1,383e-08  -0,5
-1,283e-08  -0,46875
-1,183e-08  -0,4375
-1,083e-08  -0,40625
-9,835e-09  -0,375
-8,835e-09  -0,3125
-7,835e-09  -0,3125
-6,835e-09  -0,296875
-5,835e-09  -0,296875
-4,835e-09  -0,296875
-3,835e-09  -0,296875
-2,835e-09  -0,3125
-1,835e-09  -0,296875
-8,35e-10  -0,25
1,65e-10  -0,125
1,165e-09  -0,046875
2,165e-09  0
3,165e-09  0,015625
4,165e-09  0,15625
5,165e-09  0,140625
6,165e-09  0,09375
7,165e-09  0,0625
8,165e-09  0,015625
9,165e-09  0,03125
1,017e-08  -0,015625
1,117e-08  -0,03125
1,217e-08  -0,046875
1,317e-08  -0,0625
1,417e-08  -0,09375
1,517e-08  -0,09375
1,617e-08  -0,0625
1,717e-08  -0,046875
1,817e-08  -0,015625
1,917e-08  -0,015625
2,017e-08  -0,015625
2,117e-08  0,03125
2,217e-08  0,015625
2,317e-08  0,015625
2,417e-08  0
2,517e-08  0
2,617e-08  0
2,717e-08  -0,015625
2,817e-08  -0,03125
2,917e-08  -0,015625
3,017e-08  -0,046875
3,117e-08  -0,03125
3,217e-08  0
3,317e-08  -0,03125
3,417e-08  -0,046875
3,517e-08  -0,03125
3,617e-08  0,015625
3,717e-08  0,015625
3,817e-08  0,015625
3,917e-08  0,03125
4,017e-08  0,03125
4,117e-08  0
4,217e-08  0
4,317e-08  0
4,417e-08  0
4,517e-08  0,03125
4,617e-08  0,03125
4,717e-08  0,015625
4,817e-08  0,015625
4,917e-08  0
5,017e-08  0
5,117e-08  0
5,217e-08  -0,015625
5,317e-08  0
5,417e-08  0,03125
5,517e-08  0,015625
5,617e-08  0,03125
5,717e-08  0,03125
5,817e-08  0,015625
5,917e-08  0,03125
6,017e-08  0,03125
6,117e-08  0,03125
6,217e-08  0,015625
6,317e-08  0,015625
6,417e-08  0
6,517e-08  0,015625
6,617e-08  0,015625
6,717e-08  0
6,817e-08  0
6,917e-08  -0,03125
7,017e-08  -0,03125
7,117e-08  0
7,217e-08  0
7,317e-08  0
7,417e-08  -0,015625
7,517e-08  -0,015625
7,617e-08  -0,015625
7,717e-08  -0,03125
7,817e-08  0
7,917e-08  -0,015625
8,017e-08  -0,015625
8,117e-08  0
8,217e-08  -0,03125
8,317e-08  -0,03125
8,417e-08  -0,046875
8,517e-08  -0,015625
8,617e-08  -0,03125
8,717e-08  -0,015625
8,817e-08  -0,03125
8,917e-08  0
9,017e-08  -0,03125
9,117e-08  -0,015625
9,217e-08  -0,03125
9,316e-08  -0,03125
9,417e-08  -0,03125
9,517e-08  -0,015625
9,617e-08  -0,015625
9,717e-08  -0,03125
9,817e-08  -0,015625
9,917e-08  -0,03125
1,002e-07  -0,015625
1,012e-07  -0,015625
1,022e-07  -0,015625
1,032e-07  -0,015625
1,042e-07  -0,015625
1,052e-07  -0,03125
1,062e-07  -0,015625
1,072e-07  0
1,082e-07  -0,015625
1,092e-07  -0,015625
1,102e-07  0
1,112e-07  0
1,122e-07  -0,015625
1,132e-07  0
1,142e-07  0
1,152e-07  -0,015625
1,162e-07  0
1,172e-07  0
1,182e-07  0
1,192e-07  0
1,202e-07  0,015625
1,212e-07  0,015625
1,222e-07  0,015625
1,232e-07  0
1,242e-07  0
1,252e-07  0,015625
1,262e-07  0,015625
1,272e-07  0
1,282e-07  -0,015625
1,292e-07  0,015625
1,302e-07  0
1,312e-07  -0,015625
1,322e-07  0,015625
1,332e-07  0
1,342e-07  -0,015625
1,352e-07  -0,03125
1,362e-07  -0,03125
1,372e-07  0,015625
1,382e-07  0
1,392e-07  -0,015625
1,402e-07  0
1,412e-07  0,015625
1,422e-07  0
1,432e-07  0,015625
1,442e-07  0
1,452e-07  0
1,462e-07  0
1,472e-07  -0,03125
1,482e-07  -0,015625
1,492e-07  0
1,502e-07  0,015625
