
-3.504e-07  0
-3.494e-07  0.0015625
-3.484e-07  -0.0015625
-3.474e-07  -0.0015625
-3.464e-07  0.0015625
-3.454e-07  0
-3.445e-07  -0.0015625
-3.434e-07  -0.0015625
-3.424e-07  0
-3.415e-07  0.0015625
-3.404e-07  0
-3.395e-07  -0.0046875
-3.385e-07  -0.0015625
-3.374e-07  0.0015625
-3.364e-07  -0.0015625
-3.354e-07  -0.003125
-3.345e-07  -0.0015625
-3.334e-07  0
-3.324e-07  0.0015625
-3.314e-07  -0.003125
-3.304e-07  0
-3.294e-07  0.0015625
-3.284e-07  0
-3.274e-07  0
-3.264e-07  -0.0015625
-3.254e-07  0
-3.245e-07  0
-3.234e-07  -0.0015625
-3.224e-07  -0.003125
-3.215e-07  0
-3.204e-07  0.0015625
-3.194e-07  -0.0015625
-3.184e-07  -0.0015625
-3.175e-07  0
-3.164e-07  0.0015625
-3.155e-07  0
-3.144e-07  -0.003125
-3.134e-07  0
-3.124e-07  0
-3.114e-07  0.0015625
-3.104e-07  0.0015625
-3.094e-07  -0.0015625
-3.085e-07  0
-3.074e-07  0.0015625
-3.064e-07  -0.0015625
-3.054e-07  -0.0015625
-3.044e-07  0.0015625
-3.034e-07  0.003125
-3.024e-07  -0.0015625
-3.014e-07  -0.0015625
-3.004e-07  0
-2.994e-07  0.0015625
-2.985e-07  0.0015625
-2.974e-07  -0.0015625
-2.965e-07  0
-2.954e-07  0
-2.944e-07  0.0015625
-2.934e-07  0
-2.925e-07  -0.0015625
-2.914e-07  0.0015625
-2.904e-07  0.003125
-2.894e-07  0
-2.885e-07  -0.003125
-2.874e-07  0.0015625
-2.864e-07  0
-2.854e-07  0
-2.844e-07  0
-2.834e-07  0
-2.824e-07  0
-2.814e-07  -0.0015625
-2.804e-07  -0.0015625
-2.795e-07  -0.0015625
-2.784e-07  0.0015625
-2.774e-07  0.003125
-2.764e-07  -0.003125
-2.754e-07  -0.0015625
-2.744e-07  0
-2.734e-07  0.003125
-2.725e-07  0.0015625
-2.714e-07  -0.0015625
-2.704e-07  0
-2.694e-07  0.0015625
-2.684e-07  -0.003125
-2.674e-07  -0.0015625
-2.664e-07  -0.0015625
-2.654e-07  0.0015625
-2.645e-07  0.0015625
-2.634e-07  0
-2.624e-07  -0.003125
-2.614e-07  0
-2.604e-07  0.0015625
-2.594e-07  -0.0015625
-2.584e-07  -0.0015625
-2.575e-07  -0.0015625
-2.564e-07  0
-2.554e-07  -0.0015625
-2.544e-07  -0.003125
-2.534e-07  0
-2.524e-07  0
-2.514e-07  0
-2.504e-07  -0.0015625
-2.494e-07  -0.003125
-2.485e-07  0
-2.474e-07  0
-2.464e-07  0
-2.454e-07  0
-2.444e-07  0.0015625
-2.434e-07  0.003125
-2.424e-07  -0.0015625
-2.414e-07  -0.003125
-2.404e-07  -0.003125
-2.394e-07  0.0015625
-2.385e-07  -0.0015625
-2.374e-07  -0.0015625
-2.364e-07  0
-2.354e-07  0.0015625
-2.344e-07  0
-2.334e-07  0
-2.325e-07  0
-2.314e-07  0.0015625
-2.304e-07  0.0015625
-2.294e-07  -0.0015625
-2.284e-07  -0.0015625
-2.274e-07  0
-2.264e-07  0.0015625
-2.254e-07  0
-2.244e-07  -0.0015625
-2.235e-07  0.0015625
-2.224e-07  0.0015625
-2.214e-07  0.0015625
-2.204e-07  0
-2.194e-07  0
-2.184e-07  0.0015625
-2.174e-07  0
-2.164e-07  -0.003125
-2.154e-07  0
-2.144e-07  0.0015625
-2.134e-07  0
-2.124e-07  -0.0015625
-2.114e-07  -0.0015625
-2.104e-07  0
-2.094e-07  0.003125
-2.084e-07  0
-2.075e-07  0
-2.064e-07  0.0015625
-2.054e-07  0.0015625
-2.044e-07  -0.0015625
-2.034e-07  -0.0015625
-2.025e-07  0.0015625
-2.014e-07  0
-2.004e-07  0.003125
-1.994e-07  -0.003125
-1.984e-07  -0.003125
-1.974e-07  -0.0015625
-1.964e-07  0
-1.954e-07  -0.0015625
-1.944e-07  -0.0015625
-1.934e-07  0.0015625
-1.924e-07  0
-1.914e-07  0
-1.905e-07  0
-1.894e-07  0
-1.884e-07  0.0015625
-1.874e-07  0
-1.864e-07  -0.003125
-1.854e-07  -0.0015625
-1.844e-07  -0.0015625
-1.834e-07  0
-1.824e-07  -0.0015625
-1.814e-07  0
-1.804e-07  0.0015625
-1.794e-07  0.0015625
-1.784e-07  0.0015625
-1.774e-07  0
-1.764e-07  0
-1.754e-07  0.0015625
-1.744e-07  -0.0015625
-1.734e-07  -0.0015625
-1.724e-07  -0.003125
-1.714e-07  0
-1.704e-07  -0.0015625
-1.694e-07  -0.003125
-1.684e-07  -0.0015625
-1.674e-07  -0.0015625
-1.664e-07  0
-1.654e-07  -0.003125
-1.644e-07  -0.0015625
-1.634e-07  0.0015625
-1.624e-07  0.0015625
-1.614e-07  -0.0015625
-1.604e-07  0
-1.594e-07  0
-1.584e-07  0.0015625
-1.574e-07  0
-1.564e-07  -0.0015625
-1.554e-07  0
-1.544e-07  0.0015625
-1.534e-07  0
-1.524e-07  0
-1.514e-07  0.0015625
-1.504e-07  0.0015625
-1.494e-07  0
-1.484e-07  -0.0015625
-1.474e-07  -0.0015625
-1.464e-07  0
-1.454e-07  0
-1.444e-07  0
-1.434e-07  0
-1.424e-07  0
-1.414e-07  0.003125
-1.404e-07  -0.0015625
-1.394e-07  0
-1.384e-07  0
-1.374e-07  0
-1.364e-07  0
-1.354e-07  -0.0015625
-1.344e-07  0
-1.334e-07  0
-1.324e-07  0.0015625
-1.314e-07  -0.003125
-1.304e-07  -0.009375
-1.294e-07  -0.0265625
-1.284e-07  -0.040625
-1.274e-07  -0.0359375
-1.264e-07  -0.040625
-1.254e-07  -0.0359375
-1.244e-07  -0.025
-1.234e-07  0.00625
-1.224e-07  0.0203125
-1.214e-07  0.0265625
-1.204e-07  0.0171875
-1.194e-07  0.00625
-1.184e-07  -0.0109375
-1.174e-07  -0.0234375
-1.164e-07  -0.0296875
-1.154e-07  -0.025
-1.144e-07  -0.0296875
-1.134e-07  -0.015625
-1.124e-07  0.0015625
-1.114e-07  0.0234375
-1.104e-07  0.021875
-1.094e-07  0.0328125
-1.084e-07  0.0375
-1.074e-07  0.034375
-1.064e-07  0.0015625
-1.054e-07  -0.0234375
-1.044e-07  -0.0375
-1.034e-07  -0.0421875
-1.024e-07  -0.0265625
-1.014e-07  -0.021875
-1.004e-07  0.0046875
-9.945e-08  0.0265625
-9.845e-08  0.0515625
-9.745e-08  0.0453125
-9.645e-08  0.0375
-9.545e-08  0.0234375
-9.445e-08  0.0140625
-9.345e-08  0.003125
-9.245e-08  -0.0046875
-9.145e-08  -0.015625
-9.045e-08  -0.021875
-8.945e-08  -0.0203125
-8.845e-08  -0.009375
-8.745e-08  0
-8.645e-08  0.0046875
-8.545e-08  0.0203125
-8.445e-08  0.0203125
-8.345e-08  0.021875
-8.245e-08  0.0078125
-8.145e-08  0.0015625
-8.045e-08  -0.003125
-7.945e-08  -0.0140625
-7.845e-08  -0.0078125
-7.745e-08  0.003125
-7.645e-08  0.015625
-7.545e-08  0.015625
-7.445e-08  0.021875
-7.345e-08  0.01875
-7.245e-08  0.0015625
-7.145e-08  -0.0140625
-7.045e-08  -0.0328125
-6.945e-08  -0.034375
-6.845e-08  -0.0296875
-6.745e-08  -0.0234375
-6.645e-08  -0.021875
-6.545e-08  -0.0140625
-6.445e-08  -0.0046875
-6.345e-08  0.00625
-6.245e-08  0.015625
-6.145e-08  0.025
-6.045e-08  0.0296875
-5.945e-08  0.025
-5.845e-08  0.0171875
-5.745e-08  0.0125
-5.645e-08  0.003125
-5.545e-08  -0.009375
-5.445e-08  -0.0125
-5.345e-08  -0.015625
-5.245e-08  -0.015625
-5.145e-08  -0.0171875
-5.045e-08  -0.009375
-4.945e-08  -0.0046875
-4.845e-08  0.0015625
-4.745e-08  0.0078125
-4.645e-08  0.0078125
-4.545e-08  0.00625
-4.445e-08  0.009375
-4.345e-08  0.0125
-4.245e-08  0.0140625
-4.145e-08  0.0109375
-4.045e-08  0.009375
-3.945e-08  0.0078125
-3.845e-08  0.0046875
-3.745e-08  0.0078125
-3.645e-08  0.0015625
-3.545e-08  0.0015625
-3.445e-08  0.0015625
-3.345e-08  0
-3.245e-08  -0.0046875
-3.145e-08  -0.00625
-3.045e-08  -0.0109375
-2.945e-08  -0.009375
-2.845e-08  -0.0046875
-2.745e-08  -0.003125
-2.645e-08  -0.0015625
-2.545e-08  0.0046875
-2.445e-08  0.00625
-2.345e-08  0.00625
-2.245e-08  0.0078125
-2.145e-08  0.015625
-2.045e-08  0.0140625
-1.945e-08  0.0171875
-1.845e-08  0.0125
-1.745e-08  0.00625
-1.645e-08  -0.003125
-1.545e-08  -0.009375
-1.445e-08  -0.0125
-1.345e-08  -0.0140625
-1.245e-08  -0.015625
-1.145e-08  -0.0125
-1.045e-08  -0.0125
-9.45e-09  -0.0109375
-8.45e-09  -0.009375
-7.45e-09  -0.0078125
-6.45e-09  -0.0015625
-5.45e-09  0.0015625
-4.45e-09  0.0078125
-3.45e-09  0.0109375
-2.45e-09  0.0078125
-1.45e-09  0.0078125
-4.5e-10  0.00625
5.5e-10  0.0015625
1.55e-09  -0.0046875
2.55e-09  -0.0046875
3.55e-09  -0.003125
4.55e-09  -0.00625
5.55e-09  -0.009375
6.55e-09  -0.009375
7.55e-09  -0.0078125
8.55e-09  -0.0046875
9.55e-09  -0.0078125
1.055e-08  -0.0078125
1.155e-08  -0.0078125
1.255e-08  -0.00625
1.355e-08  -0.003125
1.455e-08  -0.003125
1.555e-08  0.003125
1.655e-08  0.0046875
1.755e-08  0.0078125
1.855e-08  0.0109375
1.955e-08  0.0125
2.055e-08  0.0125
2.155e-08  0.009375
2.255e-08  0.0078125
2.355e-08  0.0015625
2.455e-08  -0.0015625
2.555e-08  -0.00625
2.655e-08  -0.0078125
2.755e-08  -0.009375
2.855e-08  -0.0078125
2.955e-08  -0.009375
3.055e-08  -0.0046875
3.155e-08  -0.0046875
3.255e-08  -0.003125
3.355e-08  -0.0015625
3.455e-08  0
3.555e-08  0.003125
3.655e-08  0.00625
3.755e-08  0.00625
3.855e-08  0.0046875
3.955e-08  0.0078125
4.055e-08  0.003125
4.155e-08  0
4.255e-08  0
4.355e-08  0
4.455e-08  -0.0046875
4.555e-08  -0.00625
4.655e-08  -0.009375
4.755e-08  -0.0078125
4.855e-08  -0.0078125
4.955e-08  -0.0078125
5.055e-08  -0.0078125
5.155e-08  -0.00625
5.255e-08  -0.00625
5.355e-08  -0.0046875
5.455e-08  -0.003125
5.555e-08  0
5.655e-08  0.0015625
5.755e-08  0
5.855e-08  0.003125
5.955e-08  0.0015625
6.055e-08  0.003125
6.155e-08  0.0015625
6.255e-08  0
6.355e-08  -0.003125
6.455e-08  -0.0046875
6.555e-08  -0.0046875
6.655e-08  -0.00625
6.755e-08  -0.0046875
6.855e-08  -0.00625
6.955e-08  -0.0078125
7.055e-08  -0.0078125
7.155e-08  -0.0078125
7.255e-08  -0.0046875
7.355e-08  -0.0015625
7.455e-08  -0.0015625
7.555e-08  0.0015625
7.655e-08  -0.0015625
7.755e-08  0
7.855e-08  0.003125
7.955e-08  0.0015625
8.055e-08  0.003125
8.155e-08  0
8.255e-08  0.003125
8.355e-08  0
8.455e-08  -0.0015625
8.555e-08  0
8.655e-08  -0.003125
8.755e-08  -0.003125
8.855e-08  -0.0046875
8.955e-08  -0.00625
9.055e-08  -0.0015625
9.155e-08  -0.0046875
9.255e-08  -0.0046875
9.355e-08  -0.0015625
9.455e-08  -0.0015625
9.555e-08  0
9.655e-08  0.0015625
9.755e-08  0.003125
9.855e-08  0.0015625
9.955e-08  0.003125
1.006e-07  0.0046875
1.016e-07  0.00625
1.026e-07  0.003125
1.036e-07  0.003125
1.046e-07  0
1.056e-07  0
1.066e-07  -0.003125
1.076e-07  -0.003125
1.086e-07  -0.0046875
1.096e-07  -0.00625
1.106e-07  -0.0078125
1.116e-07  -0.00625
1.126e-07  -0.0046875
1.136e-07  -0.003125
1.146e-07  -0.003125
1.156e-07  -0.0015625
1.166e-07  0
1.176e-07  0
1.186e-07  0
1.196e-07  0
1.206e-07  0
1.216e-07  0
1.226e-07  0
1.236e-07  -0.0015625
1.246e-07  -0.0015625
1.256e-07  -0.0015625
1.266e-07  -0.003125
1.276e-07  -0.0046875
1.286e-07  -0.003125
1.296e-07  -0.003125
1.306e-07  -0.0046875
1.316e-07  -0.003125
1.326e-07  -0.00625
1.336e-07  -0.003125
1.346e-07  -0.003125
1.356e-07  0
1.366e-07  -0.0015625
1.376e-07  -0.003125
1.386e-07  0
1.396e-07  0
1.406e-07  -0.0015625
1.416e-07  -0.0015625
1.426e-07  0
1.436e-07  0.0015625
1.446e-07  0.0015625
1.456e-07  0
1.466e-07  0.0015625
1.476e-07  0
1.486e-07  -0.0015625
1.496e-07  -0.0015625
1.506e-07  0
