
-3,504e-07  0,03125
-3,494e-07  0
-3,484e-07  0,015625
-3,474e-07  0,015625
-3,464e-07  0,015625
-3,454e-07  0
-3,445e-07  0
-3,434e-07  0
-3,424e-07  -0,015625
-3,415e-07  0
-3,404e-07  0
-3,395e-07  0,015625
-3,385e-07  0,03125
-3,374e-07  0
-3,364e-07  0
-3,354e-07  0
-3,345e-07  0,015625
-3,334e-07  0
-3,324e-07  0
-3,314e-07  -0,015625
-3,304e-07  -0,03125
-3,294e-07  0
-3,284e-07  0
-3,274e-07  0
-3,264e-07  0,015625
-3,254e-07  0
-3,245e-07  0
-3,234e-07  0,015625
-3,224e-07  0,015625
-3,215e-07  0
-3,204e-07  0
-3,194e-07  0
-3,184e-07  0
-3,175e-07  0
-3,164e-07  0
-3,155e-07  -0,03125
-3,144e-07  0
-3,134e-07  0
-3,124e-07  0
-3,114e-07  0
-3,104e-07  -0,03125
-3,094e-07  -0,015625
-3,085e-07  0
-3,074e-07  0
-3,064e-07  0
-3,054e-07  0
-3,044e-07  -0,015625
-3,034e-07  0
-3,024e-07  0
-3,014e-07  0
-3,004e-07  0
-2,994e-07  0
-2,985e-07  0
-2,974e-07  0
-2,965e-07  -0,015625
-2,954e-07  0
-2,944e-07  0
-2,934e-07  0,015625
-2,925e-07  -0,015625
-2,914e-07  0
-2,904e-07  0
-2,894e-07  0
-2,885e-07  -0,015625
-2,874e-07  0
-2,864e-07  0
-2,854e-07  0
-2,844e-07  0,015625
-2,834e-07  0
-2,824e-07  0
-2,814e-07  0
-2,804e-07  -0,015625
-2,795e-07  0
-2,784e-07  0
-2,774e-07  0
-2,764e-07  0
-2,754e-07  0,03125
-2,744e-07  0,015625
-2,734e-07  0
-2,725e-07  0
-2,714e-07  0
-2,704e-07  0
-2,694e-07  0,015625
-2,684e-07  0,015625
-2,674e-07  0,015625
-2,664e-07  0,015625
-2,654e-07  0,015625
-2,645e-07  0
-2,634e-07  0
-2,624e-07  0,015625
-2,614e-07  0,015625
-2,604e-07  0
-2,594e-07  0
-2,584e-07  0,015625
-2,575e-07  0
-2,564e-07  0
-2,554e-07  0
-2,544e-07  0,015625
-2,534e-07  0,015625
-2,524e-07  0
-2,514e-07  0
-2,504e-07  0,015625
-2,494e-07  0
-2,485e-07  0
-2,474e-07  0
-2,464e-07  -0,015625
-2,454e-07  0,015625
-2,444e-07  0
-2,434e-07  0
-2,424e-07  0
-2,414e-07  0,015625
-2,404e-07  -0,015625
-2,394e-07  0
-2,385e-07  0
-2,374e-07  0,015625
-2,364e-07  0
-2,354e-07  0
-2,344e-07  0,015625
-2,334e-07  0
-2,325e-07  -0,015625
-2,314e-07  0
-2,304e-07  0,015625
-2,294e-07  0,015625
-2,284e-07  0,03125
-2,274e-07  0,015625
-2,264e-07  0,015625
-2,254e-07  0,015625
-2,244e-07  0,03125
-2,235e-07  0
-2,224e-07  0
-2,214e-07  0,015625
-2,204e-07  0
-2,194e-07  0,03125
-2,184e-07  0,015625
-2,174e-07  0
-2,164e-07  0
-2,154e-07  0
-2,144e-07  0
-2,134e-07  0,015625
-2,124e-07  0,015625
-2,114e-07  0,015625
-2,104e-07  0,015625
-2,094e-07  0
-2,084e-07  0,015625
-2,075e-07  0
-2,064e-07  0,015625
-2,054e-07  0,015625
-2,044e-07  0,015625
-2,034e-07  0,03125
-2,025e-07  0
-2,014e-07  0,015625
-2,004e-07  0
-1,994e-07  0
-1,984e-07  0,015625
-1,974e-07  0
-1,964e-07  0,015625
-1,954e-07  0
-1,944e-07  0
-1,934e-07  0
-1,924e-07  0
-1,914e-07  0,015625
-1,905e-07  0
-1,894e-07  0
-1,884e-07  0,015625
-1,874e-07  0,015625
-1,864e-07  0
-1,854e-07  0,015625
-1,844e-07  0
-1,834e-07  0
-1,824e-07  -0,015625
-1,814e-07  0,015625
-1,804e-07  0
-1,794e-07  0
-1,784e-07  0
-1,774e-07  0
-1,764e-07  0
-1,754e-07  -0,015625
-1,744e-07  0
-1,734e-07  0
-1,724e-07  0,015625
-1,714e-07  0
-1,704e-07  0,015625
-1,694e-07  0
-1,684e-07  0,015625
-1,674e-07  0
-1,664e-07  0
-1,654e-07  0
-1,644e-07  0
-1,634e-07  0,015625
-1,624e-07  0,03125
-1,614e-07  0
-1,604e-07  0
-1,594e-07  0
-1,584e-07  0,015625
-1,574e-07  0,015625
-1,564e-07  0,015625
-1,554e-07  0
-1,544e-07  0,015625
-1,534e-07  0
-1,524e-07  0
-1,514e-07  0,03125
-1,504e-07  0
-1,494e-07  0
-1,484e-07  0
-1,474e-07  0,03125
-1,464e-07  0
-1,454e-07  -0,015625
-1,444e-07  0,015625
-1,434e-07  -0,015625
-1,424e-07  0
-1,414e-07  0,015625
-1,404e-07  0
-1,394e-07  0,015625
-1,384e-07  -0,015625
-1,374e-07  0
-1,364e-07  0
-1,354e-07  0
-1,344e-07  0
-1,334e-07  0
-1,324e-07  -0,03125
-1,314e-07  -0,015625
-1,304e-07  0
-1,294e-07  0
-1,284e-07  -0,03125
-1,274e-07  0,015625
-1,264e-07  0
-1,254e-07  0
-1,244e-07  0
-1,234e-07  -0,03125
-1,224e-07  -0,03125
-1,214e-07  -0,015625
-1,204e-07  0
-1,194e-07  -0,046875
-1,184e-07  -0,03125
-1,174e-07  -0,046875
-1,164e-07  -0,015625
-1,154e-07  -0,015625
-1,144e-07  0
-1,134e-07  -0,015625
-1,124e-07  -0,03125
-1,114e-07  -0,015625
-1,104e-07  -0,03125
-1,094e-07  -0,015625
-1,084e-07  -0,03125
-1,074e-07  -0,046875
-1,064e-07  -0,015625
-1,054e-07  -0,046875
-1,044e-07  -0,015625
-1,034e-07  -0,03125
-1,024e-07  -0,03125
-1,014e-07  0
-1,004e-07  0
-9,945e-08  -0,03125
-9,845e-08  0
-9,745e-08  0,015625
-9,645e-08  0
-9,545e-08  0
-9,445e-08  0,015625
-9,345e-08  0
-9,245e-08  -0,015625
-9,145e-08  0
-9,045e-08  0
-8,945e-08  0
-8,845e-08  0,015625
-8,745e-08  0,015625
-8,645e-08  0,03125
-8,545e-08  0,015625
-8,445e-08  0,03125
-8,345e-08  0,015625
-8,245e-08  0,015625
-8,145e-08  0,015625
-8,045e-08  0,015625
-7,945e-08  0
-7,845e-08  0
-7,745e-08  0,03125
-7,645e-08  0,03125
-7,545e-08  0,015625
-7,445e-08  0,03125
-7,345e-08  0,015625
-7,245e-08  0,03125
-7,145e-08  0,03125
-7,045e-08  0,03125
-6,945e-08  0
-6,845e-08  0,015625
-6,745e-08  0
-6,645e-08  0
-6,545e-08  0,03125
-6,445e-08  0,015625
-6,345e-08  0,03125
-6,245e-08  0,015625
-6,145e-08  0
-6,045e-08  0,015625
-5,945e-08  0,015625
-5,845e-08  0
-5,745e-08  0,015625
-5,645e-08  -0,015625
-5,545e-08  -0,015625
-5,445e-08  -0,015625
-5,345e-08  -0,015625
-5,245e-08  -0,015625
-5,145e-08  -0,03125
-5,045e-08  -0,03125
-4,945e-08  -0,015625
-4,845e-08  0
-4,745e-08  -0,015625
-4,645e-08  -0,03125
-4,545e-08  -0,03125
-4,445e-08  -0,015625
-4,345e-08  -0,03125
-4,245e-08  -0,03125
-4,145e-08  -0,015625
-4,045e-08  -0,03125
-3,945e-08  -0,03125
-3,845e-08  -0,03125
-3,745e-08  -0,015625
-3,645e-08  0
-3,545e-08  -0,015625
-3,445e-08  -0,03125
-3,345e-08  0
-3,245e-08  0
-3,145e-08  -0,03125
-3,045e-08  0
-2,945e-08  0
-2,845e-08  0
-2,745e-08  -0,03125
-2,645e-08  -0,03125
-2,545e-08  -0,015625
-2,445e-08  -0,015625
-2,345e-08  -0,0625
-2,245e-08  -0,125
-2,145e-08  -0,1875
-2,045e-08  -0,234375
-1,945e-08  -0,34375
-1,845e-08  -0,375
-1,745e-08  -0,40625
-1,645e-08  -0,4375
-1,545e-08  -0,5
-1,445e-08  -0,5
-1,345e-08  -0,5
-1,245e-08  -0,5
-1,145e-08  -0,484375
-1,045e-08  -0,4375
-9,45e-09  -0,4375
-8,45e-09  -0,390625
-7,45e-09  -0,375
-6,45e-09  -0,375
-5,45e-09  -0,359375
-4,45e-09  -0,34375
-3,45e-09  -0,328125
-2,45e-09  -0,3125
-1,45e-09  -0,296875
-4,5e-10  -0,1875
5,5e-10  -0,09375
1,55e-09  -0,03125
2,55e-09  0,03125
3,55e-09  0,109375
4,55e-09  0,15625
5,55e-09  0,140625
6,55e-09  0,09375
7,55e-09  0,0625
8,55e-09  0,015625
9,55e-09  0
1,055e-08  -0,03125
1,155e-08  -0,0625
1,255e-08  -0,09375
1,355e-08  -0,078125
1,455e-08  -0,0625
1,555e-08  -0,0625
1,655e-08  -0,0625
1,755e-08  -0,046875
1,855e-08  -0,03125
1,955e-08  0
2,055e-08  0,03125
2,155e-08  0,03125
2,255e-08  0,03125
2,355e-08  0,03125
2,455e-08  0
2,555e-08  -0,015625
2,655e-08  -0,046875
2,755e-08  -0,046875
2,855e-08  -0,015625
2,955e-08  -0,015625
3,055e-08  -0,03125
3,155e-08  -0,015625
3,255e-08  -0,015625
3,355e-08  -0,03125
3,455e-08  0
3,555e-08  0,03125
3,655e-08  0,015625
3,755e-08  0,03125
3,855e-08  0,015625
3,955e-08  0,015625
4,055e-08  0
4,155e-08  0,03125
4,255e-08  0,03125
4,355e-08  -0,015625
4,455e-08  -0,015625
4,555e-08  -0,015625
4,655e-08  -0,03125
4,755e-08  0,015625
4,855e-08  -0,015625
4,955e-08  0
5,055e-08  0,015625
5,155e-08  0
5,255e-08  0,015625
5,355e-08  0
5,455e-08  -0,015625
5,555e-08  0,015625
5,655e-08  0,015625
5,755e-08  0,015625
5,855e-08  0
5,955e-08  0,015625
6,055e-08  -0,03125
6,155e-08  0,015625
6,255e-08  -0,015625
6,355e-08  0
6,455e-08  0
6,555e-08  0
6,655e-08  0
6,755e-08  -0,015625
6,855e-08  0
6,955e-08  0
7,055e-08  0,015625
7,155e-08  0
7,255e-08  0
7,355e-08  0
7,455e-08  0
7,555e-08  0
7,655e-08  0
7,755e-08  -0,015625
7,855e-08  -0,015625
7,955e-08  -0,015625
8,055e-08  0
8,155e-08  0
8,255e-08  0,015625
8,355e-08  0
8,455e-08  0
8,555e-08  -0,015625
8,655e-08  0,015625
8,755e-08  0,015625
8,855e-08  0
8,955e-08  0
9,055e-08  0
9,155e-08  0
9,255e-08  -0,015625
9,355e-08  -0,015625
9,455e-08  0
9,555e-08  -0,015625
9,655e-08  0
9,755e-08  0,015625
9,855e-08  0
9,955e-08  0
1,006e-07  0
1,016e-07  0
1,026e-07  0
1,036e-07  -0,015625
1,046e-07  0
1,056e-07  -0,03125
1,066e-07  -0,015625
1,076e-07  0
1,086e-07  0,015625
1,096e-07  0,015625
1,106e-07  0
1,116e-07  -0,015625
1,126e-07  0
1,136e-07  -0,015625
1,146e-07  0
1,156e-07  0
1,166e-07  0
1,176e-07  0
1,186e-07  0
1,196e-07  0
1,206e-07  -0,03125
1,216e-07  0
1,226e-07  0
1,236e-07  0
1,246e-07  0
1,256e-07  0
1,266e-07  0
1,276e-07  0
1,286e-07  0
1,296e-07  0
1,306e-07  0
1,316e-07  0,015625
1,326e-07  0,015625
1,336e-07  0
1,346e-07  0
1,356e-07  0
1,366e-07  0
1,376e-07  0
1,386e-07  0,03125
1,396e-07  0,03125
1,406e-07  0,03125
1,416e-07  0
1,426e-07  0
1,436e-07  0,015625
1,446e-07  0,015625
1,456e-07  0
1,466e-07  0,015625
1,476e-07  0
1,486e-07  0
1,496e-07  0
1,506e-07  0,015625
