
-3.507e-07  0
-3.497e-07  -0.0015625
-3.487e-07  -0.0015625
-3.477e-07  -0.0015625
-3.467e-07  0
-3.457e-07  -0.0015625
-3.447e-07  -0.0015625
-3.437e-07  -0.003125
-3.427e-07  0
-3.417e-07  -0.0015625
-3.407e-07  0
-3.397e-07  -0.0015625
-3.387e-07  -0.0015625
-3.377e-07  0.0015625
-3.367e-07  -0.0015625
-3.357e-07  0
-3.347e-07  0
-3.337e-07  0
-3.327e-07  -0.0015625
-3.317e-07  -0.0015625
-3.307e-07  0
-3.297e-07  0
-3.287e-07  -0.0015625
-3.277e-07  0
-3.267e-07  0.0015625
-3.257e-07  0.0015625
-3.247e-07  0.0015625
-3.237e-07  -0.0015625
-3.227e-07  0
-3.217e-07  0.0015625
-3.207e-07  0.0015625
-3.197e-07  0.0015625
-3.187e-07  0
-3.177e-07  0.0015625
-3.167e-07  -0.0015625
-3.157e-07  -0.0015625
-3.147e-07  -0.0015625
-3.137e-07  -0.0015625
-3.127e-07  -0.0015625
-3.117e-07  -0.0015625
-3.107e-07  -0.0015625
-3.097e-07  0
-3.087e-07  0
-3.077e-07  0
-3.067e-07  -0.0015625
-3.057e-07  0
-3.047e-07  0
-3.037e-07  0
-3.027e-07  0
-3.017e-07  -0.0015625
-3.007e-07  0
-2.997e-07  -0.0015625
-2.987e-07  -0.003125
-2.977e-07  -0.0015625
-2.967e-07  0
-2.957e-07  0.0015625
-2.947e-07  -0.0015625
-2.937e-07  -0.0015625
-2.927e-07  0
-2.917e-07  0
-2.907e-07  0.0015625
-2.897e-07  -0.0015625
-2.887e-07  -0.0015625
-2.877e-07  -0.0015625
-2.867e-07  -0.0015625
-2.857e-07  0
-2.847e-07  -0.0015625
-2.837e-07  0
-2.827e-07  -0.0015625
-2.817e-07  0
-2.807e-07  -0.0015625
-2.797e-07  -0.003125
-2.787e-07  0
-2.777e-07  0.0015625
-2.767e-07  0.0015625
-2.757e-07  -0.0015625
-2.747e-07  0.0015625
-2.737e-07  0.0015625
-2.727e-07  0
-2.717e-07  0
-2.707e-07  0
-2.697e-07  -0.0015625
-2.687e-07  0.0015625
-2.677e-07  0
-2.667e-07  0
-2.657e-07  -0.0015625
-2.647e-07  -0.0015625
-2.637e-07  0
-2.627e-07  -0.0015625
-2.617e-07  0
-2.607e-07  0.0015625
-2.597e-07  0
-2.587e-07  0
-2.577e-07  0
-2.567e-07  0
-2.557e-07  0
-2.547e-07  -0.0015625
-2.537e-07  -0.0015625
-2.527e-07  0
-2.517e-07  0
-2.507e-07  -0.0015625
-2.497e-07  0
-2.487e-07  0
-2.477e-07  -0.0015625
-2.467e-07  -0.003125
-2.457e-07  -0.003125
-2.447e-07  -0.0015625
-2.437e-07  0
-2.427e-07  -0.0015625
-2.417e-07  0.0015625
-2.407e-07  0
-2.397e-07  -0.0015625
-2.387e-07  -0.0015625
-2.377e-07  -0.0015625
-2.367e-07  -0.0015625
-2.357e-07  0.0015625
-2.347e-07  0
-2.337e-07  -0.0015625
-2.327e-07  -0.0015625
-2.317e-07  -0.003125
-2.307e-07  0.0015625
-2.297e-07  -0.0015625
-2.287e-07  0
-2.277e-07  0
-2.267e-07  -0.0015625
-2.257e-07  0
-2.247e-07  -0.0015625
-2.237e-07  -0.0015625
-2.227e-07  -0.0015625
-2.217e-07  0
-2.207e-07  -0.003125
-2.197e-07  -0.003125
-2.187e-07  -0.0015625
-2.177e-07  -0.0015625
-2.167e-07  -0.0015625
-2.157e-07  -0.0015625
-2.147e-07  -0.0015625
-2.137e-07  -0.003125
-2.127e-07  -0.0015625
-2.117e-07  -0.0015625
-2.107e-07  -0.0015625
-2.097e-07  0
-2.087e-07  0.0015625
-2.077e-07  0
-2.067e-07  0
-2.057e-07  0.0015625
-2.047e-07  0
-2.037e-07  0
-2.027e-07  -0.0015625
-2.017e-07  0
-2.007e-07  0
-1.997e-07  0
-1.987e-07  -0.0015625
-1.977e-07  0
-1.967e-07  0
-1.957e-07  0.0015625
-1.947e-07  0
-1.937e-07  -0.0015625
-1.927e-07  0
-1.917e-07  0.0015625
-1.907e-07  0
-1.897e-07  0
-1.887e-07  0
-1.877e-07  0
-1.867e-07  -0.0015625
-1.857e-07  -0.0015625
-1.847e-07  -0.003125
-1.837e-07  0
-1.827e-07  -0.0015625
-1.817e-07  -0.0015625
-1.807e-07  -0.003125
-1.797e-07  0
-1.787e-07  -0.0015625
-1.777e-07  0.0015625
-1.767e-07  0
-1.757e-07  -0.0015625
-1.747e-07  0.0015625
-1.737e-07  0.0015625
-1.727e-07  0
-1.717e-07  0.0015625
-1.707e-07  0
-1.697e-07  0.0015625
-1.687e-07  0
-1.677e-07  0.0015625
-1.667e-07  0
-1.657e-07  -0.0015625
-1.647e-07  0
-1.637e-07  0
-1.627e-07  -0.0015625
-1.617e-07  0.0015625
-1.607e-07  0.0015625
-1.597e-07  0
-1.587e-07  0
-1.577e-07  -0.003125
-1.567e-07  0
-1.557e-07  0
-1.547e-07  0.0015625
-1.537e-07  0
-1.527e-07  -0.0015625
-1.517e-07  0.0015625
-1.507e-07  0.0015625
-1.497e-07  0
-1.487e-07  -0.0015625
-1.477e-07  -0.0015625
-1.467e-07  -0.0015625
-1.457e-07  -0.003125
-1.447e-07  -0.0015625
-1.437e-07  -0.0015625
-1.427e-07  0.0015625
-1.417e-07  0
-1.407e-07  -0.003125
-1.397e-07  0
-1.387e-07  0
-1.377e-07  0
-1.367e-07  -0.0015625
-1.357e-07  -0.0015625
-1.347e-07  -0.0015625
-1.337e-07  0
-1.327e-07  0
-1.317e-07  -0.0015625
-1.307e-07  0
-1.297e-07  0
-1.287e-07  0
-1.277e-07  0
-1.267e-07  0
-1.257e-07  -0.0015625
-1.247e-07  -0.0015625
-1.237e-07  -0.0015625
-1.227e-07  -0.0015625
-1.217e-07  0
-1.207e-07  -0.0046875
-1.197e-07  -0.003125
-1.187e-07  -0.0078125
-1.177e-07  -0.01875
-1.167e-07  -0.028125
-1.157e-07  -0.034375
-1.147e-07  -0.0359375
-1.137e-07  -0.03125
-1.127e-07  -0.025
-1.117e-07  -0.0125
-1.107e-07  -0.00625
-1.097e-07  0.0015625
-1.087e-07  0.0109375
-1.077e-07  0.0171875
-1.067e-07  0.01875
-1.057e-07  0.0171875
-1.047e-07  0.0109375
-1.037e-07  0.0046875
-1.027e-07  -0.0046875
-1.017e-07  -0.0109375
-1.007e-07  -0.01875
-9.968e-08  -0.021875
-9.867e-08  -0.01875
-9.767e-08  -0.0109375
-9.667e-08  -0.00625
-9.567e-08  0.003125
-9.467e-08  0.0109375
-9.367e-08  0.015625
-9.267e-08  0.0140625
-9.167e-08  0.0125
-9.067e-08  0.0078125
-8.967e-08  0.003125
-8.867e-08  0
-8.767e-08  -0.0015625
-8.667e-08  -0.0015625
-8.567e-08  -0.0015625
-8.467e-08  -0.003125
-8.367e-08  -0.003125
-8.267e-08  0
-8.167e-08  0.0046875
-8.067e-08  0.009375
-7.967e-08  0.0109375
-7.867e-08  0.0140625
-7.767e-08  0.0109375
-7.667e-08  0.00625
-7.567e-08  0
-7.467e-08  -0.0015625
-7.367e-08  -0.003125
-7.267e-08  -0.003125
-7.167e-08  -0.0046875
-7.067e-08  -0.0046875
-6.967e-08  -0.003125
-6.867e-08  0.0015625
-6.767e-08  0.00625
-6.667e-08  0.0078125
-6.567e-08  0.0109375
-6.467e-08  0.00625
-6.367e-08  0.00625
-6.267e-08  0
-6.167e-08  -0.003125
-6.067e-08  -0.00625
-5.967e-08  -0.00625
-5.867e-08  -0.0046875
-5.767e-08  -0.0046875
-5.667e-08  -0.003125
-5.567e-08  -0.0015625
-5.467e-08  0
-5.367e-08  0.0015625
-5.267e-08  0.0046875
-5.167e-08  0.0046875
-5.067e-08  0.0046875
-4.967e-08  0.0015625
-4.867e-08  -0.0015625
-4.767e-08  -0.0015625
-4.667e-08  -0.0078125
-4.567e-08  -0.009375
-4.467e-08  -0.00625
-4.367e-08  -0.0046875
-4.267e-08  -0.003125
-4.167e-08  0
-4.067e-08  0.0015625
-3.967e-08  0.003125
-3.867e-08  0.003125
-3.767e-08  0.0015625
-3.667e-08  0.003125
-3.567e-08  0.003125
-3.467e-08  0.003125
-3.367e-08  -0.003125
-3.267e-08  -0.003125
-3.167e-08  -0.0046875
-3.067e-08  -0.0046875
-2.967e-08  -0.0046875
-2.867e-08  -0.00625
-2.767e-08  -0.00625
-2.667e-08  -0.00625
-2.567e-08  -0.003125
-2.467e-08  0.0015625
-2.367e-08  0.0046875
-2.267e-08  0.00625
-2.167e-08  0.00625
-2.067e-08  0.003125
-1.967e-08  0.0015625
-1.867e-08  0
-1.767e-08  0.0015625
-1.667e-08  0.0015625
-1.567e-08  -0.0015625
-1.467e-08  -0.0015625
-1.367e-08  -0.0046875
-1.267e-08  -0.0015625
-1.167e-08  -0.003125
-1.067e-08  -0.0015625
-9.675e-09  0.0015625
-8.675e-09  0
-7.675e-09  0.0015625
-6.675e-09  0
-5.675e-09  0.0015625
-4.675e-09  0.0015625
-3.675e-09  0.0015625
-2.675e-09  0.0015625
-1.675e-09  0.0015625
-6.75e-10  0.0015625
3.25e-10  0
1.325e-09  0.0015625
2.325e-09  0
3.325e-09  0
4.325e-09  0
5.325e-09  -0.0015625
6.325e-09  0
7.325e-09  -0.0015625
8.325e-09  0
9.325e-09  -0.0015625
1.033e-08  -0.0015625
1.133e-08  0
1.233e-08  0
1.333e-08  0
1.433e-08  0
1.533e-08  0.0015625
1.633e-08  0
1.733e-08  0
1.833e-08  0.0015625
1.933e-08  0.0015625
2.033e-08  0.003125
2.133e-08  0.003125
2.233e-08  0.003125
2.333e-08  0.0015625
2.433e-08  0.0015625
2.533e-08  0
2.633e-08  -0.0015625
2.733e-08  -0.0015625
2.833e-08  0
2.933e-08  -0.0015625
3.033e-08  0
3.133e-08  -0.0015625
3.233e-08  0
3.333e-08  0
3.433e-08  -0.0015625
3.533e-08  -0.0015625
3.633e-08  0
3.733e-08  0
3.833e-08  -0.0015625
3.933e-08  0
4.033e-08  0.0015625
4.133e-08  0.0015625
4.233e-08  0
4.333e-08  0
4.433e-08  0
4.533e-08  0
4.633e-08  0
4.733e-08  0.0015625
4.833e-08  0.003125
4.933e-08  0
5.033e-08  0.0015625
5.133e-08  0
5.233e-08  0.0015625
5.333e-08  0.0015625
5.433e-08  0.0015625
5.533e-08  0
5.633e-08  0.0015625
5.733e-08  0.0015625
5.833e-08  0.003125
5.933e-08  0.0015625
6.033e-08  0.0015625
6.133e-08  0.0015625
6.233e-08  0.0015625
6.333e-08  0
6.433e-08  0.0015625
6.533e-08  -0.0015625
6.633e-08  -0.0015625
6.733e-08  0.0015625
6.833e-08  0
6.933e-08  0
7.033e-08  -0.0015625
7.133e-08  0
7.233e-08  -0.0015625
7.333e-08  -0.0015625
7.433e-08  0
7.533e-08  -0.0015625
7.633e-08  0.0015625
7.733e-08  0
7.833e-08  0.0015625
7.933e-08  0
8.033e-08  0.003125
8.133e-08  0.0015625
8.233e-08  0.0015625
8.333e-08  0
8.433e-08  0.0015625
8.533e-08  0.0015625
8.633e-08  0.0015625
8.733e-08  0.0015625
8.833e-08  -0.0015625
8.933e-08  -0.0015625
9.033e-08  0
9.133e-08  0.0015625
9.233e-08  0.0015625
9.333e-08  0.0015625
9.433e-08  -0.0015625
9.533e-08  0.0015625
9.633e-08  0
9.733e-08  0
9.833e-08  0.0015625
9.933e-08  0.003125
1.003e-07  0.0015625
1.013e-07  0.0015625
1.023e-07  0
1.033e-07  0.0015625
1.043e-07  0
1.053e-07  0
1.063e-07  0
1.073e-07  0
1.083e-07  0
1.093e-07  0
1.103e-07  0
1.113e-07  0
1.123e-07  0.0015625
1.133e-07  0.0015625
1.143e-07  0
1.153e-07  0
1.163e-07  0
1.173e-07  0.0015625
1.183e-07  0.0015625
1.193e-07  0.0015625
1.203e-07  0
1.213e-07  -0.0015625
1.223e-07  0
1.233e-07  0
1.243e-07  0.0015625
1.253e-07  0.0015625
1.263e-07  0.0015625
1.273e-07  0.0015625
1.283e-07  0.0015625
1.293e-07  0
1.303e-07  0.0015625
1.313e-07  -0.0015625
1.323e-07  0
1.333e-07  -0.0015625
1.343e-07  0
1.353e-07  0
1.363e-07  -0.0015625
1.373e-07  0
1.383e-07  0.0015625
1.393e-07  0
1.403e-07  -0.0015625
1.413e-07  0
1.423e-07  0
1.433e-07  0.0015625
1.443e-07  0.0015625
1.453e-07  0
1.463e-07  0
1.473e-07  0.0015625
1.483e-07  0
1.493e-07  0
1.503e-07  0
