
-3,51e-07  0
-3,5e-07  0
-3,49e-07  -0,0015625
-3,48e-07  0
-3,47e-07  0,0015625
-3,46e-07  0
-3,45e-07  -0,003125
-3,44e-07  -0,0046875
-3,43e-07  -0,003125
-3,42e-07  0
-3,41e-07  0
-3,4e-07  0
-3,39e-07  0
-3,38e-07  -0,0015625
-3,37e-07  -0,0015625
-3,36e-07  -0,003125
-3,35e-07  0
-3,34e-07  0
-3,33e-07  0
-3,32e-07  0
-3,31e-07  -0,003125
-3,3e-07  -0,0046875
-3,29e-07  -0,0015625
-3,28e-07  0
-3,27e-07  0,0015625
-3,26e-07  0
-3,25e-07  0
-3,24e-07  -0,0015625
-3,23e-07  -0,0015625
-3,22e-07  0
-3,21e-07  0
-3,2e-07  0,0015625
-3,19e-07  0,0015625
-3,18e-07  0,0015625
-3,17e-07  -0,0015625
-3,16e-07  -0,003125
-3,15e-07  -0,003125
-3,14e-07  0
-3,13e-07  0,0015625
-3,12e-07  0
-3,11e-07  0,003125
-3,1e-07  -0,0015625
-3,09e-07  -0,0015625
-3,08e-07  0
-3,07e-07  0
-3,06e-07  0,0015625
-3,05e-07  0,0015625
-3,04e-07  -0,0015625
-3,03e-07  -0,0015625
-3,02e-07  0
-3,01e-07  0
-3e-07  0
-2,99e-07  0
-2,98e-07  0,003125
-2,97e-07  0
-2,96e-07  0,0015625
-2,95e-07  -0,0015625
-2,94e-07  -0,0015625
-2,93e-07  0
-2,92e-07  0,0015625
-2,91e-07  0,0015625
-2,9e-07  -0,0015625
-2,89e-07  -0,0015625
-2,88e-07  -0,0015625
-2,87e-07  -0,0015625
-2,86e-07  0,0015625
-2,85e-07  0,0015625
-2,84e-07  0
-2,83e-07  0
-2,82e-07  -0,0015625
-2,81e-07  -0,003125
-2,8e-07  0
-2,79e-07  0
-2,78e-07  0
-2,77e-07  0,0015625
-2,76e-07  0
-2,75e-07  -0,0015625
-2,74e-07  -0,0015625
-2,73e-07  -0,0015625
-2,72e-07  0
-2,71e-07  0,0015625
-2,7e-07  0,0015625
-2,69e-07  0
-2,68e-07  -0,0015625
-2,67e-07  -0,0015625
-2,66e-07  -0,003125
-2,65e-07  0
-2,64e-07  0,0015625
-2,63e-07  0
-2,62e-07  -0,0015625
-2,61e-07  0
-2,6e-07  0
-2,59e-07  -0,0015625
-2,58e-07  0,0015625
-2,57e-07  0,0015625
-2,56e-07  0
-2,55e-07  0
-2,54e-07  0
-2,53e-07  0,0015625
-2,52e-07  0
-2,51e-07  0,0015625
-2,5e-07  0
-2,49e-07  0,0015625
-2,48e-07  0
-2,47e-07  -0,0015625
-2,46e-07  0
-2,45e-07  -0,0015625
-2,44e-07  0
-2,43e-07  0,0015625
-2,42e-07  0,0015625
-2,41e-07  -0,0015625
-2,4e-07  -0,0015625
-2,39e-07  -0,003125
-2,38e-07  0,0015625
-2,37e-07  0,003125
-2,36e-07  0
-2,35e-07  -0,0015625
-2,34e-07  -0,0015625
-2,33e-07  -0,0015625
-2,32e-07  -0,0046875
-2,31e-07  -0,003125
-2,3e-07  0
-2,29e-07  0,003125
-2,28e-07  0
-2,27e-07  -0,0015625
-2,26e-07  -0,0015625
-2,25e-07  0
-2,24e-07  0,0015625
-2,23e-07  0,0015625
-2,22e-07  0
-2,21e-07  -0,0015625
-2,2e-07  -0,0015625
-2,19e-07  -0,0046875
-2,18e-07  -0,0015625
-2,17e-07  -0,003125
-2,16e-07  0,0015625
-2,15e-07  0,0015625
-2,14e-07  0
-2,13e-07  0
-2,12e-07  -0,003125
-2,11e-07  0
-2,1e-07  0
-2,09e-07  0,0015625
-2,08e-07  0
-2,07e-07  -0,0015625
-2,06e-07  0
-2,05e-07  -0,003125
-2,04e-07  0,0015625
-2,03e-07  0,0015625
-2,02e-07  0
-2,01e-07  0,0015625
-2e-07  -0,0015625
-1,99e-07  -0,0015625
-1,98e-07  -0,003125
-1,97e-07  0
-1,96e-07  0
-1,95e-07  0,003125
-1,94e-07  0,0015625
-1,93e-07  0
-1,92e-07  -0,003125
-1,91e-07  -0,003125
-1,9e-07  0
-1,89e-07  0
-1,88e-07  0
-1,87e-07  0,0015625
-1,86e-07  0
-1,85e-07  0
-1,84e-07  -0,003125
-1,83e-07  -0,0015625
-1,82e-07  0
-1,81e-07  0,0015625
-1,8e-07  0,0015625
-1,79e-07  -0,0015625
-1,78e-07  -0,0015625
-1,77e-07  -0,0015625
-1,76e-07  -0,0015625
-1,75e-07  0
-1,74e-07  0
-1,73e-07  0,0015625
-1,72e-07  0
-1,71e-07  -0,003125
-1,7e-07  -0,003125
-1,69e-07  -0,0015625
-1,68e-07  0
-1,67e-07  0,0015625
-1,66e-07  0
-1,65e-07  -0,0015625
-1,64e-07  -0,0015625
-1,63e-07  -0,0015625
-1,62e-07  0
-1,61e-07  0
-1,6e-07  0,0015625
-1,59e-07  0
-1,58e-07  0,0015625
-1,57e-07  -0,0015625
-1,56e-07  -0,0015625
-1,55e-07  0
-1,54e-07  0,0015625
-1,53e-07  0,0015625
-1,52e-07  0,0015625
-1,51e-07  0
-1,5e-07  -0,003125
-1,49e-07  0
-1,48e-07  0
-1,47e-07  0,0015625
-1,46e-07  0,003125
-1,45e-07  0,0015625
-1,44e-07  -0,0015625
-1,43e-07  -0,0015625
-1,42e-07  0
-1,41e-07  0
-1,4e-07  0,0015625
-1,39e-07  0,0015625
-1,38e-07  0,0015625
-1,37e-07  0
-1,36e-07  -0,0015625
-1,35e-07  0,003125
-1,34e-07  0,075
-1,33e-07  0,198437
-1,32e-07  0,198437
-1,31e-07  0,198437
-1,3e-07  0,198437
-1,29e-07  0,148438
-1,28e-07  0,075
-1,27e-07  0,040625
-1,26e-07  0,0265625
-1,25e-07  0,0015625
-1,24e-07  -0,0140625
-1,23e-07  -0,0359375
-1,22e-07  -0,05625
-1,21e-07  -0,046875
-1,2e-07  -0,015625
-1,19e-07  0,021875
-1,18e-07  0,0640625
-1,17e-07  0,08125
-1,16e-07  0,0703125
-1,15e-07  0,05625
-1,14e-07  0,0421875
-1,13e-07  0,05625
-1,12e-07  0,06875
-1,11e-07  0,053125
-1,1e-07  0,0203125
-1,09e-07  -0,0109375
-1,08e-07  -0,0234375
-1,07e-07  -0,0109375
-1,06e-07  0,0203125
-1,05e-07  0,0578125
-1,04e-07  0,075
-1,03e-07  0,06875
-1,02e-07  0,040625
-1,01e-07  0,025
-9,999e-08  0,025
-9,899e-08  0,0375
-9,799e-08  0,05625
-9,699e-08  0,065625
-9,599e-08  0,05625
-9,499e-08  0,040625
-9,399e-08  0,021875
-9,299e-08  0,01875
-9,199e-08  0,034375
-9,099e-08  0,053125
-8,999e-08  0,075
-8,899e-08  0,071875
-8,799e-08  0,0453125
-8,699e-08  0,01875
-8,599e-08  0,0046875
-8,499e-08  0,00625
-8,399e-08  0,0140625
-8,299e-08  0,025
-8,199e-08  0,025
-8,099e-08  0,0203125
-7,999e-08  0,0140625
-7,899e-08  0,0125
-7,799e-08  0,0140625
-7,699e-08  0,021875
-7,599e-08  0,028125
-7,499e-08  0,0265625
-7,399e-08  0,0203125
-7,299e-08  0,0125
-7,199e-08  0,003125
-7,099e-08  0,00625
-6,999e-08  0,0046875
-6,899e-08  0
-6,799e-08  -0,00625
-6,699e-08  -0,0078125
-6,599e-08  -0,00625
-6,499e-08  0,0046875
-6,399e-08  0,01875
-6,299e-08  0,0328125
-6,199e-08  0,0375
-6,099e-08  0,034375
-5,999e-08  0,028125
-5,899e-08  0,021875
-5,799e-08  0,0203125
-5,699e-08  0,0203125
-5,599e-08  0,01875
-5,499e-08  0,009375
-5,399e-08  0
-5,299e-08  -0,00625
-5,199e-08  -0,00625
-5,099e-08  0
-4,999e-08  0,009375
-4,899e-08  0,021875
-4,799e-08  0,0234375
-4,699e-08  0,01875
-4,599e-08  0,015625
-4,499e-08  0,009375
-4,399e-08  0,0078125
-4,299e-08  0,003125
-4,199e-08  0,0015625
-4,099e-08  -0,0015625
-3,999e-08  -0,0046875
-3,899e-08  -0,0078125
-3,799e-08  -0,009375
-3,699e-08  -0,0125
-3,599e-08  -0,009375
-3,499e-08  -0,0078125
-3,399e-08  -0,0046875
-3,299e-08  0,00625
-3,199e-08  0,00625
-3,099e-08  0,00625
-2,999e-08  0,0046875
-2,899e-08  0,00625
-2,799e-08  0,0046875
-2,699e-08  0,0046875
-2,599e-08  0,0015625
-2,499e-08  0,0015625
-2,399e-08  0,0015625
-2,299e-08  -0,0015625
-2,199e-08  -0,003125
-2,099e-08  -0,003125
-1,999e-08  -0,00625
-1,899e-08  -0,009375
-1,799e-08  -0,00625
-1,699e-08  -0,00625
-1,599e-08  -0,0046875
-1,499e-08  0
-1,399e-08  0,0046875
-1,299e-08  0,0015625
-1,199e-08  -0,0015625
-1,099e-08  -0,0015625
-9,99e-09  0
-8,99e-09  0,0015625
-7,99e-09  0,003125
-6,99e-09  0,003125
-5,99e-09  0,003125
-4,99e-09  0
-3,99e-09  0
-2,99e-09  0
-1,99e-09  0,0015625
-9,9e-10  0,0015625
1e-11  0,0046875
1,01e-09  0,0015625
2,01e-09  -0,0015625
3,01e-09  -0,003125
4,01e-09  0
5,01e-09  -0,0015625
6,01e-09  0
7,01e-09  0
8,01e-09  -0,0015625
9,01e-09  0
1,001e-08  0,003125
1,101e-08  0,00625
1,201e-08  0,0046875
1,301e-08  0,00625
1,401e-08  0,003125
1,501e-08  0,0015625
1,601e-08  0,0015625
1,701e-08  0,0015625
1,801e-08  0,003125
1,901e-08  0,003125
2,001e-08  0,003125
2,101e-08  0,0015625
2,201e-08  0
2,301e-08  -0,0015625
2,401e-08  0
2,501e-08  -0,0015625
2,601e-08  0
2,701e-08  0,003125
2,801e-08  0,0046875
2,901e-08  0,003125
3,001e-08  0,003125
3,101e-08  0,0015625
3,201e-08  0,003125
3,301e-08  0,00625
3,401e-08  0,00625
3,501e-08  0,003125
3,601e-08  0,0015625
3,701e-08  0
3,801e-08  0,0015625
3,901e-08  0,0015625
4,001e-08  0,0046875
4,101e-08  0,0015625
4,201e-08  0,0015625
4,301e-08  -0,003125
4,401e-08  -0,0015625
4,501e-08  0
4,601e-08  0
4,701e-08  0,0015625
4,801e-08  0
4,901e-08  0,0015625
5,001e-08  0
5,101e-08  0
5,201e-08  0,0015625
5,301e-08  0,003125
5,401e-08  0,003125
5,501e-08  0,0015625
5,601e-08  0
5,701e-08  0
5,801e-08  0,003125
5,901e-08  0
6,001e-08  0,0015625
6,101e-08  0,0015625
6,201e-08  0
6,301e-08  0
6,401e-08  -0,003125
6,501e-08  -0,003125
6,601e-08  -0,0015625
6,701e-08  0
6,801e-08  0
6,901e-08  0
7,001e-08  0
7,101e-08  0,0015625
7,201e-08  0,0015625
7,301e-08  0,0015625
7,401e-08  0,003125
7,501e-08  0,003125
7,601e-08  0,0015625
7,701e-08  0,0015625
7,801e-08  0
7,901e-08  0
8,001e-08  0,003125
8,101e-08  0,0015625
8,201e-08  0,003125
8,301e-08  0,003125
8,401e-08  0
8,501e-08  0
8,601e-08  -0,0015625
8,701e-08  -0,0015625
8,801e-08  0,003125
8,901e-08  0,003125
9,001e-08  0,003125
9,101e-08  0,0015625
9,201e-08  0,0015625
9,301e-08  0
9,401e-08  0,0015625
9,501e-08  0,003125
9,601e-08  0,0046875
9,701e-08  0,00625
9,801e-08  0
9,901e-08  0
1e-07  0
1,01e-07  0
1,02e-07  0,003125
1,03e-07  0
1,04e-07  0
1,05e-07  0,0015625
1,06e-07  -0,0015625
1,07e-07  -0,0015625
1,08e-07  0,0015625
1,09e-07  0,003125
1,1e-07  0,0015625
1,11e-07  0,0015625
1,12e-07  0,0015625
1,13e-07  -0,0015625
1,14e-07  -0,0015625
1,15e-07  0
1,16e-07  0,0015625
1,17e-07  0,0015625
1,18e-07  0,003125
1,19e-07  0
1,2e-07  0
1,21e-07  -0,0015625
1,22e-07  0
1,23e-07  0,0015625
1,24e-07  0,003125
1,25e-07  0,003125
1,26e-07  0
1,27e-07  0
1,28e-07  0,0015625
1,29e-07  -0,0015625
1,3e-07  0,003125
1,31e-07  0,0015625
1,32e-07  0,003125
1,33e-07  0,0015625
1,34e-07  -0,0015625
1,35e-07  0
1,36e-07  0,0015625
1,37e-07  0,00625
1,38e-07  0,003125
1,39e-07  0,003125
1,4e-07  0,0015625
1,41e-07  0
1,42e-07  -0,0015625
1,43e-07  0
1,44e-07  0,003125
1,45e-07  0,0015625
1,46e-07  0,0015625
1,47e-07  0,0015625
1,48e-07  0
1,49e-07  0,0015625
1,5e-07  0,0015625
