
-3,51e-07  0,015625
-3,5e-07  0,03125
-3,49e-07  0
-3,48e-07  -0,015625
-3,47e-07  -0,03125
-3,46e-07  -0,015625
-3,45e-07  -0,03125
-3,44e-07  -0,03125
-3,43e-07  0
-3,42e-07  0
-3,41e-07  0
-3,4e-07  -0,015625
-3,39e-07  0
-3,38e-07  -0,015625
-3,37e-07  -0,03125
-3,36e-07  0
-3,35e-07  -0,015625
-3,34e-07  -0,03125
-3,33e-07  -0,03125
-3,32e-07  0
-3,31e-07  0,015625
-3,3e-07  0
-3,29e-07  -0,015625
-3,28e-07  -0,015625
-3,27e-07  0
-3,26e-07  0
-3,25e-07  -0,015625
-3,24e-07  -0,015625
-3,23e-07  0
-3,22e-07  0
-3,21e-07  -0,015625
-3,2e-07  0
-3,19e-07  -0,015625
-3,18e-07  -0,015625
-3,17e-07  0
-3,16e-07  -0,03125
-3,15e-07  0
-3,14e-07  -0,015625
-3,13e-07  -0,015625
-3,12e-07  0
-3,11e-07  0
-3,1e-07  0
-3,09e-07  0
-3,08e-07  0
-3,07e-07  0
-3,06e-07  -0,015625
-3,05e-07  0
-3,04e-07  0
-3,03e-07  0
-3,02e-07  0
-3,01e-07  -0,015625
-3e-07  -0,03125
-2,99e-07  0
-2,98e-07  0
-2,97e-07  0
-2,96e-07  0
-2,95e-07  0,015625
-2,94e-07  0,015625
-2,93e-07  0
-2,92e-07  0
-2,91e-07  -0,03125
-2,9e-07  0
-2,89e-07  -0,015625
-2,88e-07  0
-2,87e-07  0
-2,86e-07  0
-2,85e-07  -0,015625
-2,84e-07  -0,03125
-2,83e-07  -0,015625
-2,82e-07  0
-2,81e-07  0
-2,8e-07  0
-2,79e-07  -0,03125
-2,78e-07  0
-2,77e-07  0
-2,76e-07  0,015625
-2,75e-07  -0,015625
-2,74e-07  0
-2,73e-07  0
-2,72e-07  0,015625
-2,71e-07  0
-2,7e-07  0
-2,69e-07  0
-2,68e-07  0
-2,67e-07  0
-2,66e-07  0
-2,65e-07  0
-2,64e-07  0,015625
-2,63e-07  0
-2,62e-07  0
-2,61e-07  0
-2,6e-07  0,015625
-2,59e-07  -0,015625
-2,58e-07  -0,015625
-2,57e-07  0
-2,56e-07  0
-2,55e-07  0,015625
-2,54e-07  -0,015625
-2,53e-07  0,03125
-2,52e-07  0
-2,51e-07  0
-2,5e-07  0,015625
-2,49e-07  0
-2,48e-07  -0,015625
-2,47e-07  0
-2,46e-07  0
-2,45e-07  -0,03125
-2,44e-07  0
-2,43e-07  -0,015625
-2,42e-07  0
-2,41e-07  0
-2,4e-07  -0,015625
-2,39e-07  -0,015625
-2,38e-07  -0,03125
-2,37e-07  0
-2,36e-07  0
-2,35e-07  0
-2,34e-07  0
-2,33e-07  -0,015625
-2,32e-07  0,015625
-2,31e-07  0
-2,3e-07  0
-2,29e-07  0
-2,28e-07  -0,015625
-2,27e-07  0
-2,26e-07  0
-2,25e-07  0
-2,24e-07  -0,015625
-2,23e-07  -0,015625
-2,22e-07  -0,03125
-2,21e-07  0
-2,2e-07  0
-2,19e-07  0
-2,18e-07  0
-2,17e-07  0
-2,16e-07  -0,015625
-2,15e-07  -0,015625
-2,14e-07  0
-2,13e-07  0,015625
-2,12e-07  0
-2,11e-07  0
-2,1e-07  0
-2,09e-07  0
-2,08e-07  0
-2,07e-07  0,015625
-2,06e-07  0,015625
-2,05e-07  0,03125
-2,04e-07  0
-2,03e-07  -0,015625
-2,02e-07  -0,015625
-2,01e-07  0
-2e-07  0
-1,99e-07  0
-1,98e-07  0,015625
-1,97e-07  -0,03125
-1,96e-07  0
-1,95e-07  0
-1,94e-07  0,015625
-1,93e-07  0
-1,92e-07  0
-1,91e-07  0
-1,9e-07  -0,015625
-1,89e-07  0,015625
-1,88e-07  0
-1,87e-07  0
-1,86e-07  -0,015625
-1,85e-07  0,03125
-1,84e-07  0
-1,83e-07  -0,015625
-1,82e-07  0
-1,81e-07  0
-1,8e-07  -0,015625
-1,79e-07  0
-1,78e-07  0
-1,77e-07  -0,015625
-1,76e-07  -0,015625
-1,75e-07  -0,03125
-1,74e-07  -0,015625
-1,73e-07  0
-1,72e-07  0
-1,71e-07  -0,015625
-1,7e-07  0
-1,69e-07  0
-1,68e-07  0
-1,67e-07  0
-1,66e-07  -0,015625
-1,65e-07  0
-1,64e-07  0
-1,63e-07  0
-1,62e-07  0
-1,61e-07  0
-1,6e-07  0
-1,59e-07  -0,015625
-1,58e-07  0,015625
-1,57e-07  0
-1,56e-07  0
-1,55e-07  0
-1,54e-07  0,015625
-1,53e-07  0
-1,52e-07  -0,03125
-1,51e-07  -0,015625
-1,5e-07  0,015625
-1,49e-07  0
-1,48e-07  0,015625
-1,47e-07  0,015625
-1,46e-07  0
-1,45e-07  0
-1,44e-07  0
-1,43e-07  0
-1,42e-07  -0,015625
-1,41e-07  0
-1,4e-07  0
-1,39e-07  0
-1,38e-07  0
-1,37e-07  0
-1,36e-07  0
-1,35e-07  -0,015625
-1,34e-07  0
-1,33e-07  0
-1,32e-07  0
-1,31e-07  0
-1,3e-07  0,015625
-1,29e-07  0,015625
-1,28e-07  0
-1,27e-07  0
-1,26e-07  0,015625
-1,25e-07  0
-1,24e-07  0,015625
-1,23e-07  0
-1,22e-07  0
-1,21e-07  0
-1,2e-07  -0,015625
-1,19e-07  0
-1,18e-07  0
-1,17e-07  0
-1,16e-07  0
-1,15e-07  0,015625
-1,14e-07  0,015625
-1,13e-07  0
-1,12e-07  0
-1,11e-07  -0,015625
-1,1e-07  0
-1,09e-07  0
-1,08e-07  0,015625
-1,07e-07  0
-1,06e-07  0
-1,05e-07  0
-1,04e-07  0,015625
-1,03e-07  0,015625
-1,02e-07  -0,015625
-1,01e-07  0
-9,999e-08  0
-9,899e-08  0,015625
-9,799e-08  -0,015625
-9,699e-08  0,015625
-9,599e-08  0,015625
-9,499e-08  0
-9,399e-08  0
-9,299e-08  0
-9,199e-08  0
-9,099e-08  0
-8,999e-08  -0,015625
-8,899e-08  -0,015625
-8,799e-08  -0,015625
-8,699e-08  -0,03125
-8,599e-08  0
-8,499e-08  0
-8,399e-08  0
-8,299e-08  -0,015625
-8,199e-08  0
-8,099e-08  0
-7,999e-08  0
-7,899e-08  0
-7,799e-08  0
-7,699e-08  0
-7,599e-08  0
-7,499e-08  0,015625
-7,399e-08  0
-7,299e-08  -0,015625
-7,199e-08  0
-7,099e-08  0
-6,999e-08  0,015625
-6,899e-08  0
-6,799e-08  0,015625
-6,699e-08  0
-6,599e-08  -0,03125
-6,499e-08  0
-6,399e-08  0
-6,299e-08  0
-6,199e-08  0
-6,099e-08  0,015625
-5,999e-08  0
-5,899e-08  0
-5,799e-08  0
-5,699e-08  0
-5,599e-08  0
-5,499e-08  0
-5,399e-08  0
-5,299e-08  0,015625
-5,199e-08  0
-5,099e-08  0
-4,999e-08  0
-4,899e-08  -0,03125
-4,799e-08  -0,015625
-4,699e-08  0
-4,599e-08  0,015625
-4,499e-08  0
-4,399e-08  -0,015625
-4,299e-08  0
-4,199e-08  0
-4,099e-08  0
-3,999e-08  0,015625
-3,899e-08  0
-3,799e-08  0
-3,699e-08  0
-3,599e-08  0
-3,499e-08  0,015625
-3,399e-08  0,015625
-3,299e-08  0,015625
-3,199e-08  0
-3,099e-08  0,015625
-2,999e-08  0,046875
-2,899e-08  0,03125
-2,799e-08  0
-2,699e-08  0,015625
-2,599e-08  0,015625
-2,499e-08  -0,015625
-2,399e-08  -0,0625
-2,299e-08  -0,15625
-2,199e-08  -0,21875
-2,099e-08  -0,3125
-1,999e-08  -0,359375
-1,899e-08  -0,40625
-1,799e-08  -0,46875
-1,699e-08  -0,5
-1,599e-08  -0,5
-1,499e-08  -0,5
-1,399e-08  -0,5
-1,299e-08  -0,5
-1,199e-08  -0,5
-1,099e-08  -0,46875
-9,99e-09  -0,421875
-8,99e-09  -0,375
-7,99e-09  -0,359375
-6,99e-09  -0,359375
-5,99e-09  -0,34375
-4,99e-09  -0,34375
-3,99e-09  -0,34375
-2,99e-09  -0,328125
-1,99e-09  -0,3125
-9,9e-10  -0,234375
1e-11  -0,125
1,01e-09  -0,046875
2,01e-09  -0,03125
3,01e-09  0,0625
4,01e-09  0,140625
5,01e-09  0,15625
6,01e-09  0,109375
7,01e-09  0,0625
8,01e-09  0,0625
9,01e-09  0,03125
1,001e-08  -0,03125
1,101e-08  -0,046875
1,201e-08  -0,0625
1,301e-08  -0,0625
1,401e-08  -0,09375
1,501e-08  -0,109375
1,601e-08  -0,0625
1,701e-08  -0,03125
1,801e-08  -0,03125
1,901e-08  0
2,001e-08  0,03125
2,101e-08  0,0625
2,201e-08  0,03125
2,301e-08  0,03125
2,401e-08  0,015625
2,501e-08  0,0625
2,601e-08  0
2,701e-08  0
2,801e-08  0
2,901e-08  0
3,001e-08  0
3,101e-08  0
3,201e-08  -0,03125
3,301e-08  0
3,401e-08  0
3,501e-08  0,015625
3,601e-08  0,015625
3,701e-08  0,015625
3,801e-08  0,03125
3,901e-08  0,015625
4,001e-08  0,015625
4,101e-08  0,03125
4,201e-08  0,03125
4,301e-08  0,015625
4,401e-08  0
4,501e-08  -0,03125
4,601e-08  0
4,701e-08  0
4,801e-08  -0,015625
4,901e-08  -0,015625
5,001e-08  -0,015625
5,101e-08  0
5,201e-08  -0,015625
5,301e-08  -0,015625
5,401e-08  0
5,501e-08  0
5,601e-08  0,015625
5,701e-08  0
5,801e-08  -0,03125
5,901e-08  0
6,001e-08  0,015625
6,101e-08  0,015625
6,201e-08  0
6,301e-08  0
6,401e-08  0
6,501e-08  0
6,601e-08  0
6,701e-08  0
6,801e-08  0
6,901e-08  -0,015625
7,001e-08  0
7,101e-08  0,015625
7,201e-08  0,015625
7,301e-08  0,015625
7,401e-08  -0,015625
7,501e-08  0
7,601e-08  0
7,701e-08  0
7,801e-08  0
7,901e-08  0
8,001e-08  0
8,101e-08  0
8,201e-08  -0,015625
8,301e-08  -0,015625
8,401e-08  -0,015625
8,501e-08  0
8,601e-08  0,015625
8,701e-08  -0,015625
8,801e-08  0
8,901e-08  0
9,001e-08  0
9,101e-08  -0,015625
9,201e-08  0,015625
9,301e-08  0,015625
9,401e-08  0
9,501e-08  0,015625
9,601e-08  0
9,701e-08  0
9,801e-08  0
9,901e-08  0
1e-07  0
1,01e-07  0
1,02e-07  0
1,03e-07  0,015625
1,04e-07  0
1,05e-07  0
1,06e-07  0
1,07e-07  0,015625
1,08e-07  0,015625
1,09e-07  0
1,1e-07  0
1,11e-07  -0,015625
1,12e-07  0,015625
1,13e-07  0
1,14e-07  0,015625
1,15e-07  0,015625
1,16e-07  0,03125
1,17e-07  0,015625
1,18e-07  0,015625
1,19e-07  0,03125
1,2e-07  0,015625
1,21e-07  0,015625
1,22e-07  0,015625
1,23e-07  0,03125
1,24e-07  0,03125
1,25e-07  0,015625
1,26e-07  0,015625
1,27e-07  0,03125
1,28e-07  0,03125
1,29e-07  0,03125
1,3e-07  0,015625
1,31e-07  0,015625
1,32e-07  0,015625
1,33e-07  0,015625
1,34e-07  0,015625
1,35e-07  0,015625
1,36e-07  0
1,37e-07  0
1,38e-07  0
1,39e-07  0
1,4e-07  0,015625
1,41e-07  0
1,42e-07  0,015625
1,43e-07  0,015625
1,44e-07  0,015625
1,45e-07  0
1,46e-07  0
1,47e-07  0
1,48e-07  0,03125
1,49e-07  0
1,5e-07  -0,015625
