
-3,502e-07  0
-3,492e-07  -0,0015625
-3,482e-07  0
-3,472e-07  -0,003125
-3,462e-07  0
-3,452e-07  0
-3,442e-07  0,0015625
-3,432e-07  0
-3,422e-07  0
-3,412e-07  0
-3,402e-07  0,0015625
-3,392e-07  0,0015625
-3,382e-07  0,0015625
-3,372e-07  0
-3,362e-07  0
-3,352e-07  -0,0015625
-3,342e-07  -0,003125
-3,332e-07  0
-3,322e-07  0
-3,312e-07  0
-3,302e-07  -0,0015625
-3,292e-07  -0,0015625
-3,282e-07  0
-3,272e-07  -0,0015625
-3,262e-07  -0,0015625
-3,252e-07  0
-3,242e-07  0,0015625
-3,232e-07  0,0015625
-3,222e-07  -0,0015625
-3,212e-07  -0,0015625
-3,202e-07  -0,0015625
-3,192e-07  -0,0015625
-3,182e-07  0
-3,172e-07  0
-3,162e-07  0,0015625
-3,152e-07  -0,0015625
-3,142e-07  0
-3,132e-07  0
-3,122e-07  0
-3,112e-07  0,0015625
-3,102e-07  -0,0015625
-3,092e-07  -0,0015625
-3,082e-07  -0,003125
-3,072e-07  0
-3,062e-07  0
-3,052e-07  -0,0015625
-3,042e-07  0,0015625
-3,032e-07  0,0015625
-3,022e-07  0,0015625
-3,012e-07  0
-3,002e-07  -0,0015625
-2,992e-07  0
-2,982e-07  0
-2,972e-07  0
-2,962e-07  0
-2,952e-07  0
-2,942e-07  0
-2,932e-07  -0,0015625
-2,922e-07  -0,0015625
-2,912e-07  -0,0015625
-2,902e-07  0
-2,892e-07  0
-2,882e-07  0
-2,872e-07  0
-2,862e-07  0
-2,852e-07  0
-2,842e-07  -0,0015625
-2,832e-07  0,0015625
-2,822e-07  0
-2,812e-07  0
-2,802e-07  -0,0015625
-2,792e-07  -0,0015625
-2,782e-07  0
-2,772e-07  0
-2,762e-07  0,0015625
-2,752e-07  0
-2,742e-07  -0,003125
-2,732e-07  -0,0015625
-2,722e-07  0
-2,712e-07  0,0015625
-2,702e-07  -0,0015625
-2,692e-07  0,0015625
-2,682e-07  0
-2,672e-07  0
-2,662e-07  0
-2,652e-07  -0,0015625
-2,642e-07  0
-2,632e-07  0,0015625
-2,622e-07  0
-2,612e-07  0
-2,602e-07  0
-2,592e-07  0
-2,582e-07  -0,0015625
-2,572e-07  0
-2,562e-07  0
-2,552e-07  0,0015625
-2,542e-07  0
-2,532e-07  0,0015625
-2,522e-07  -0,0015625
-2,512e-07  0
-2,502e-07  -0,0015625
-2,492e-07  0,0015625
-2,482e-07  0,0015625
-2,472e-07  0
-2,462e-07  -0,0015625
-2,452e-07  -0,0015625
-2,442e-07  -0,0015625
-2,432e-07  -0,0015625
-2,422e-07  0
-2,412e-07  0
-2,402e-07  -0,003125
-2,392e-07  -0,0015625
-2,382e-07  -0,0015625
-2,372e-07  0
-2,362e-07  -0,0015625
-2,352e-07  0
-2,342e-07  0,0015625
-2,332e-07  0
-2,322e-07  0
-2,312e-07  0
-2,302e-07  0,0015625
-2,292e-07  0
-2,282e-07  0
-2,272e-07  0
-2,262e-07  0,0015625
-2,252e-07  0
-2,242e-07  -0,0015625
-2,232e-07  0
-2,222e-07  0,0015625
-2,212e-07  0,0015625
-2,202e-07  0,0015625
-2,192e-07  0
-2,182e-07  0
-2,172e-07  0
-2,162e-07  0
-2,152e-07  -0,0015625
-2,142e-07  0
-2,132e-07  0
-2,122e-07  0
-2,112e-07  -0,0015625
-2,102e-07  -0,0015625
-2,092e-07  -0,0015625
-2,082e-07  0
-2,072e-07  0
-2,062e-07  0
-2,052e-07  -0,0015625
-2,042e-07  -0,003125
-2,032e-07  -0,003125
-2,022e-07  -0,0015625
-2,012e-07  -0,0015625
-2,002e-07  0
-1,992e-07  0,0015625
-1,982e-07  0
-1,972e-07  -0,003125
-1,962e-07  -0,0015625
-1,952e-07  0
-1,942e-07  -0,0015625
-1,932e-07  0,0015625
-1,922e-07  0,0015625
-1,912e-07  0,0015625
-1,902e-07  0
-1,892e-07  0
-1,882e-07  0
-1,872e-07  -0,0015625
-1,862e-07  0
-1,852e-07  -0,0015625
-1,842e-07  -0,003125
-1,832e-07  -0,0015625
-1,822e-07  0
-1,812e-07  0
-1,802e-07  0
-1,792e-07  -0,0015625
-1,782e-07  0
-1,772e-07  0,003125
-1,762e-07  0
-1,752e-07  0
-1,742e-07  0
-1,732e-07  -0,003125
-1,722e-07  0
-1,712e-07  0
-1,702e-07  0
-1,692e-07  -0,0015625
-1,682e-07  0
-1,672e-07  0
-1,662e-07  0,0015625
-1,652e-07  0
-1,642e-07  0
-1,632e-07  0,0015625
-1,622e-07  -0,0015625
-1,612e-07  0
-1,602e-07  -0,003125
-1,592e-07  0
-1,582e-07  0
-1,572e-07  0
-1,562e-07  -0,0015625
-1,552e-07  -0,0015625
-1,542e-07  -0,0015625
-1,532e-07  0
-1,522e-07  0
-1,512e-07  0,003125
-1,502e-07  -0,0015625
-1,492e-07  0
-1,482e-07  0
-1,472e-07  0
-1,462e-07  0
-1,452e-07  0
-1,442e-07  0
-1,432e-07  0
-1,422e-07  0
-1,412e-07  -0,003125
-1,402e-07  -0,0015625
-1,392e-07  0
-1,382e-07  -0,0015625
-1,372e-07  0,0015625
-1,362e-07  0,0015625
-1,352e-07  0,0015625
-1,342e-07  0,003125
-1,332e-07  0,0078125
-1,322e-07  0,0109375
-1,312e-07  0,0078125
-1,302e-07  0,00625
-1,292e-07  0,015625
-1,282e-07  0,04375
-1,272e-07  0,071875
-1,262e-07  0,0859375
-1,252e-07  0,0796875
-1,242e-07  0,071875
-1,232e-07  0,0546875
-1,222e-07  0,0421875
-1,212e-07  0,059375
-1,202e-07  0,0890625
-1,192e-07  0,109375
-1,182e-07  0,096875
-1,172e-07  0,0703125
-1,162e-07  0,0375
-1,152e-07  0,01875
-1,142e-07  0,0140625
-1,132e-07  0,015625
-1,122e-07  0,015625
-1,112e-07  0,0109375
-1,102e-07  0,003125
-1,092e-07  0
-1,082e-07  0,00625
-1,072e-07  0,01875
-1,062e-07  0,0265625
-1,052e-07  0,03125
-1,042e-07  0,0328125
-1,032e-07  0,028125
-1,022e-07  0,0234375
-1,012e-07  0,0265625
-1,002e-07  0,0390625
-9,921e-08  0,0453125
-9,821e-08  0,0421875
-9,721e-08  0,0265625
-9,621e-08  0,01875
-9,521e-08  0,015625
-9,421e-08  0,0234375
-9,321e-08  0,0375
-9,221e-08  0,0484375
-9,121e-08  0,053125
-9,021e-08  0,0484375
-8,921e-08  0,0375
-8,821e-08  0,0328125
-8,721e-08  0,0359375
-8,621e-08  0,0484375
-8,521e-08  0,0546875
-8,421e-08  0,059375
-8,321e-08  0,053125
-8,221e-08  0,046875
-8,121e-08  0,0328125
-8,021e-08  0,025
-7,921e-08  0,0265625
-7,821e-08  0,0265625
-7,721e-08  0,025
-7,621e-08  0,0171875
-7,521e-08  0,0078125
-7,421e-08  -0,0015625
-7,321e-08  -0,00625
-7,221e-08  0
-7,121e-08  0,00625
-7,021e-08  0,009375
-6,921e-08  0,0078125
-6,821e-08  0,0078125
-6,721e-08  0,00625
-6,621e-08  0,00625
-6,521e-08  0,0046875
-6,421e-08  0,0078125
-6,321e-08  0,0046875
-6,221e-08  -0,0015625
-6,121e-08  -0,0015625
-6,021e-08  -0,003125
-5,921e-08  0
-5,821e-08  0,0046875
-5,721e-08  0,009375
-5,621e-08  0,009375
-5,521e-08  0,00625
-5,421e-08  0,00625
-5,321e-08  0,0125
-5,221e-08  0,015625
-5,121e-08  0,021875
-5,021e-08  0,0234375
-4,921e-08  0,0234375
-4,821e-08  0,01875
-4,721e-08  0,015625
-4,621e-08  0,0109375
-4,521e-08  0,009375
-4,421e-08  0,009375
-4,321e-08  0,009375
-4,221e-08  0,0046875
-4,121e-08  0,0015625
-4,021e-08  -0,003125
-3,921e-08  -0,003125
-3,821e-08  -0,0015625
-3,721e-08  -0,0015625
-3,621e-08  0
-3,521e-08  -0,0015625
-3,421e-08  -0,003125
-3,321e-08  -0,00625
-3,221e-08  -0,00625
-3,121e-08  -0,0015625
-3,021e-08  0,0015625
-2,921e-08  0
-2,821e-08  0,003125
-2,721e-08  0,0015625
-2,621e-08  -0,003125
-2,521e-08  -0,00625
-2,421e-08  -0,003125
-2,321e-08  -0,003125
-2,221e-08  0
-2,121e-08  0
-2,021e-08  0
-1,921e-08  -0,0015625
-1,821e-08  0
-1,721e-08  -0,0015625
-1,621e-08  -0,0015625
-1,521e-08  -0,003125
-1,421e-08  0,003125
-1,321e-08  0
-1,221e-08  -0,003125
-1,121e-08  -0,003125
-1,021e-08  -0,0046875
-9,215e-09  -0,0046875
-8,215e-09  0
-7,215e-09  -0,003125
-6,215e-09  -0,003125
-5,215e-09  -0,003125
-4,215e-09  -0,003125
-3,215e-09  -0,0015625
-2,215e-09  0
-1,215e-09  0,003125
-2,15e-10  0,0015625
7,85e-10  0
1,785e-09  0,0015625
2,785e-09  -0,003125
3,785e-09  0
4,785e-09  -0,0015625
5,785e-09  0
6,785e-09  0,0015625
7,785e-09  0
8,785e-09  0,0015625
9,785e-09  0,0015625
1,079e-08  0
1,179e-08  -0,0015625
1,279e-08  0
1,379e-08  0
1,479e-08  0,0015625
1,579e-08  -0,0015625
1,679e-08  0
1,779e-08  -0,0015625
1,879e-08  0
1,979e-08  0,0015625
2,079e-08  0
2,179e-08  0,003125
2,279e-08  0,003125
2,379e-08  0,003125
2,479e-08  0,003125
2,579e-08  0,003125
2,679e-08  0,0046875
2,779e-08  0,0015625
2,879e-08  0,0015625
2,979e-08  0,0015625
3,079e-08  -0,0015625
3,179e-08  0
3,279e-08  0,003125
3,379e-08  0,0015625
3,479e-08  0
3,579e-08  0
3,679e-08  0
3,779e-08  0
3,879e-08  0,0015625
3,979e-08  0,0015625
4,079e-08  0,0015625
4,179e-08  0,003125
4,279e-08  0,00625
4,379e-08  0,0015625
4,479e-08  0,003125
4,579e-08  0,0015625
4,679e-08  0
4,779e-08  0,0015625
4,879e-08  0
4,979e-08  0,0015625
5,079e-08  0
5,179e-08  0,0015625
5,279e-08  0
5,379e-08  -0,0015625
5,479e-08  0
5,579e-08  0,0015625
5,679e-08  0,0015625
5,779e-08  0
5,879e-08  -0,0015625
5,979e-08  -0,0015625
6,079e-08  0
6,179e-08  0,0015625
6,279e-08  0,0015625
6,379e-08  0,0015625
6,479e-08  0
6,579e-08  0
6,679e-08  0
6,779e-08  0
6,879e-08  0
6,979e-08  0
7,079e-08  0,003125
7,179e-08  0
7,279e-08  0
7,379e-08  0
7,479e-08  0
7,579e-08  0
7,679e-08  0
7,779e-08  -0,0015625
7,879e-08  0
7,979e-08  -0,0015625
8,079e-08  0
8,179e-08  0
8,279e-08  0
8,379e-08  0,0015625
8,479e-08  0,0015625
8,579e-08  0,0015625
8,679e-08  0,0015625
8,779e-08  0,0015625
8,879e-08  0,0015625
8,979e-08  0,003125
9,079e-08  0,0015625
9,179e-08  0
9,279e-08  0
9,379e-08  0
9,479e-08  0
9,579e-08  0,003125
9,679e-08  0,003125
9,779e-08  0,003125
9,879e-08  0,0015625
9,979e-08  0,0015625
1,008e-07  0,0015625
1,018e-07  -0,0015625
1,028e-07  0,003125
1,038e-07  0,003125
1,048e-07  0,0015625
1,058e-07  0,0015625
1,068e-07  0
1,078e-07  0,0015625
1,088e-07  0
1,098e-07  0,0015625
1,108e-07  0
1,118e-07  0,0015625
1,128e-07  0
1,138e-07  0
1,148e-07  0,0015625
1,158e-07  0,0015625
1,168e-07  0
1,178e-07  0
1,188e-07  0,0015625
1,198e-07  -0,0015625
1,208e-07  0
1,218e-07  0
1,228e-07  0,0015625
1,238e-07  0
1,248e-07  0
1,258e-07  0,0015625
1,268e-07  0,0015625
1,278e-07  0,0015625
1,288e-07  0
1,298e-07  0,0015625
1,308e-07  0,0015625
1,318e-07  0,0015625
1,328e-07  0,0015625
1,338e-07  0
1,348e-07  0
1,358e-07  0
1,368e-07  -0,0015625
1,378e-07  0
1,388e-07  0
1,398e-07  0,0015625
1,408e-07  0,0015625
1,418e-07  0
1,428e-07  -0,0015625
1,438e-07  0,0015625
1,448e-07  0,0015625
1,458e-07  0,0015625
1,468e-07  0,0015625
1,478e-07  0,003125
1,488e-07  0,0015625
1,498e-07  0,0015625
1,508e-07  0,0015625
