
-3.508e-07  0
-3.498e-07  0
-3.488e-07  -0.0015625
-3.478e-07  0
-3.468e-07  0
-3.458e-07  0.0015625
-3.448e-07  0
-3.438e-07  0.0015625
-3.428e-07  0.003125
-3.418e-07  0.003125
-3.408e-07  0.0015625
-3.398e-07  0.0015625
-3.388e-07  0.0015625
-3.378e-07  0.0015625
-3.368e-07  0.0015625
-3.358e-07  0
-3.348e-07  0
-3.338e-07  0
-3.328e-07  -0.0015625
-3.318e-07  -0.0015625
-3.308e-07  0.0015625
-3.298e-07  0
-3.288e-07  -0.0015625
-3.278e-07  -0.0015625
-3.268e-07  -0.003125
-3.258e-07  0.0015625
-3.248e-07  0
-3.238e-07  0
-3.228e-07  0
-3.218e-07  -0.0015625
-3.208e-07  -0.0015625
-3.198e-07  0
-3.188e-07  -0.0015625
-3.178e-07  0
-3.168e-07  -0.0015625
-3.158e-07  0
-3.148e-07  -0.003125
-3.138e-07  -0.0015625
-3.128e-07  0.0015625
-3.118e-07  0
-3.108e-07  -0.0015625
-3.098e-07  -0.0046875
-3.088e-07  -0.0015625
-3.078e-07  0
-3.068e-07  -0.0015625
-3.058e-07  -0.003125
-3.048e-07  -0.0015625
-3.038e-07  -0.0015625
-3.028e-07  -0.0015625
-3.018e-07  -0.003125
-3.008e-07  0.0015625
-2.998e-07  0
-2.988e-07  -0.0015625
-2.978e-07  -0.0015625
-2.968e-07  0
-2.958e-07  0.0015625
-2.948e-07  -0.0015625
-2.938e-07  -0.0015625
-2.928e-07  -0.003125
-2.918e-07  0
-2.908e-07  0.0015625
-2.898e-07  0
-2.888e-07  -0.0015625
-2.878e-07  0
-2.868e-07  0
-2.858e-07  0.0015625
-2.848e-07  -0.0015625
-2.838e-07  0
-2.828e-07  0
-2.818e-07  0
-2.808e-07  0
-2.798e-07  -0.003125
-2.788e-07  -0.0015625
-2.778e-07  0.0015625
-2.768e-07  0
-2.758e-07  0
-2.748e-07  0
-2.738e-07  0.0015625
-2.728e-07  0
-2.718e-07  -0.003125
-2.708e-07  0
-2.698e-07  0
-2.688e-07  0
-2.678e-07  -0.0015625
-2.668e-07  -0.003125
-2.658e-07  0
-2.648e-07  0
-2.638e-07  0
-2.628e-07  0
-2.618e-07  0
-2.608e-07  0
-2.598e-07  0.003125
-2.588e-07  -0.0015625
-2.578e-07  0
-2.568e-07  0
-2.558e-07  0
-2.548e-07  0.0015625
-2.538e-07  0
-2.528e-07  -0.0015625
-2.518e-07  -0.0015625
-2.508e-07  0.0015625
-2.498e-07  0
-2.488e-07  -0.003125
-2.478e-07  -0.0015625
-2.468e-07  0.0015625
-2.458e-07  0
-2.448e-07  -0.0015625
-2.438e-07  0.0015625
-2.428e-07  0
-2.418e-07  0
-2.408e-07  0
-2.398e-07  -0.0015625
-2.388e-07  0
-2.378e-07  -0.0015625
-2.368e-07  0
-2.358e-07  -0.0015625
-2.348e-07  -0.0015625
-2.338e-07  -0.0015625
-2.328e-07  0
-2.318e-07  -0.0015625
-2.308e-07  -0.003125
-2.298e-07  -0.0015625
-2.288e-07  0
-2.278e-07  0
-2.268e-07  0
-2.258e-07  -0.0015625
-2.248e-07  0
-2.238e-07  0
-2.228e-07  -0.0015625
-2.218e-07  -0.003125
-2.208e-07  0
-2.198e-07  0
-2.188e-07  0.0015625
-2.178e-07  -0.0015625
-2.168e-07  -0.0015625
-2.158e-07  0.003125
-2.148e-07  0.0015625
-2.138e-07  0
-2.128e-07  -0.003125
-2.118e-07  0.0015625
-2.108e-07  0.0015625
-2.098e-07  -0.0015625
-2.088e-07  0
-2.078e-07  0
-2.068e-07  0
-2.058e-07  0.0015625
-2.048e-07  0.0015625
-2.038e-07  0
-2.028e-07  0.0015625
-2.018e-07  0.0015625
-2.008e-07  0
-1.998e-07  0.0015625
-1.988e-07  0
-1.978e-07  0
-1.968e-07  0
-1.958e-07  0
-1.948e-07  0
-1.938e-07  0.0015625
-1.928e-07  -0.0015625
-1.918e-07  -0.0015625
-1.908e-07  -0.0015625
-1.898e-07  0
-1.888e-07  -0.003125
-1.878e-07  0
-1.868e-07  -0.0015625
-1.858e-07  0
-1.848e-07  0
-1.838e-07  0.0015625
-1.828e-07  0
-1.818e-07  0
-1.808e-07  -0.0015625
-1.798e-07  0.0015625
-1.788e-07  0
-1.778e-07  -0.0015625
-1.768e-07  0
-1.758e-07  0
-1.748e-07  0.0015625
-1.738e-07  0.0015625
-1.728e-07  0
-1.718e-07  0
-1.708e-07  0.0015625
-1.698e-07  0
-1.688e-07  -0.0015625
-1.678e-07  -0.0015625
-1.668e-07  0.0015625
-1.658e-07  -0.0015625
-1.648e-07  0
-1.638e-07  0.0015625
-1.628e-07  0
-1.618e-07  -0.0015625
-1.608e-07  0
-1.598e-07  0
-1.588e-07  0
-1.578e-07  -0.0015625
-1.568e-07  -0.003125
-1.558e-07  0
-1.548e-07  -0.0015625
-1.538e-07  -0.0015625
-1.528e-07  -0.0046875
-1.518e-07  0
-1.508e-07  0.0015625
-1.498e-07  -0.0015625
-1.488e-07  -0.0015625
-1.478e-07  -0.003125
-1.468e-07  0
-1.458e-07  -0.0015625
-1.448e-07  0
-1.438e-07  0.0078125
-1.428e-07  0.009375
-1.418e-07  0.015625
-1.408e-07  0.015625
-1.398e-07  0.0203125
-1.388e-07  0.0328125
-1.378e-07  0.05625
-1.368e-07  0.0703125
-1.358e-07  0.0734375
-1.348e-07  0.065625
-1.338e-07  0.046875
-1.328e-07  0.0328125
-1.318e-07  0.0265625
-1.308e-07  0.0265625
-1.298e-07  0.065625
-1.288e-07  0.0875
-1.278e-07  0.0984375
-1.268e-07  0.0984375
-1.258e-07  0.0984375
-1.248e-07  0.0984375
-1.238e-07  0.0984375
-1.228e-07  0.0984375
-1.218e-07  0.0984375
-1.208e-07  0.0984375
-1.198e-07  0.0984375
-1.188e-07  0.034375
-1.178e-07  -0.00625
-1.168e-07  -0.0203125
-1.158e-07  -0.0328125
-1.148e-07  -0.0203125
-1.138e-07  0.00625
-1.128e-07  0.028125
-1.118e-07  0.059375
-1.108e-07  0.090625
-1.098e-07  0.0984375
-1.088e-07  0.0984375
-1.078e-07  0.0984375
-1.068e-07  0.0984375
-1.058e-07  0.078125
-1.048e-07  0.0515625
-1.038e-07  0.0265625
-1.028e-07  0.0078125
-1.018e-07  -0.0109375
-1.008e-07  -0.015625
-9.977e-08  0.0046875
-9.877e-08  0.0359375
-9.777e-08  0.0671875
-9.677e-08  0.0796875
-9.577e-08  0.0765625
-9.477e-08  0.0609375
-9.377e-08  0.04375
-9.277e-08  0.0375
-9.177e-08  0.0328125
-9.077e-08  0.03125
-8.977e-08  0.0296875
-8.877e-08  0.028125
-8.777e-08  0.0234375
-8.677e-08  0.021875
-8.577e-08  0.0296875
-8.477e-08  0.0421875
-8.377e-08  0.0625
-8.277e-08  0.06875
-8.177e-08  0.0734375
-8.077e-08  0.0765625
-7.977e-08  0.0765625
-7.877e-08  0.0703125
-7.777e-08  0.059375
-7.677e-08  0.0515625
-7.577e-08  0.04375
-7.477e-08  0.0390625
-7.377e-08  0.0359375
-7.277e-08  0.0390625
-7.177e-08  0.0375
-7.077e-08  0.0390625
-6.977e-08  0.0453125
-6.877e-08  0.0453125
-6.777e-08  0.0421875
-6.677e-08  0.040625
-6.577e-08  0.0375
-6.477e-08  0.034375
-6.377e-08  0.0296875
-6.277e-08  0.028125
-6.177e-08  0.025
-6.077e-08  0.0140625
-5.977e-08  0.00625
-5.877e-08  0.0015625
-5.777e-08  0.0046875
-5.677e-08  0.0109375
-5.577e-08  0.01875
-5.477e-08  0.025
-5.377e-08  0.0265625
-5.277e-08  0.01875
-5.177e-08  0.0171875
-5.077e-08  0.0171875
-4.977e-08  0.025
-4.877e-08  0.025
-4.777e-08  0.021875
-4.677e-08  0.0171875
-4.577e-08  0.015625
-4.477e-08  0.0109375
-4.377e-08  0.0125
-4.277e-08  0.0171875
-4.177e-08  0.025
-4.077e-08  0.034375
-3.977e-08  0.040625
-3.877e-08  0.040625
-3.777e-08  0.0375
-3.677e-08  0.0265625
-3.577e-08  0.025
-3.477e-08  0.021875
-3.377e-08  0.01875
-3.277e-08  0.015625
-3.177e-08  0.015625
-3.077e-08  0.0125
-2.977e-08  0.0140625
-2.877e-08  0.0140625
-2.777e-08  0.0140625
-2.677e-08  0.0140625
-2.577e-08  0.009375
-2.477e-08  0.0078125
-2.377e-08  0.00625
-2.277e-08  0.0046875
-2.177e-08  0.0015625
-2.077e-08  0
-1.977e-08  -0.0046875
-1.877e-08  -0.0046875
-1.777e-08  -0.0078125
-1.677e-08  -0.0046875
-1.577e-08  -0.0046875
-1.477e-08  -0.0046875
-1.377e-08  -0.0046875
-1.277e-08  -0.00625
-1.177e-08  -0.0046875
-1.077e-08  -0.0015625
-9.77e-09  0
-8.77e-09  -0.0015625
-7.77e-09  0.0015625
-6.77e-09  -0.0015625
-5.77e-09  -0.0046875
-4.77e-09  -0.003125
-3.77e-09  0.0015625
-2.77e-09  0.0015625
-1.77e-09  0.0015625
-7.7e-10  0.0015625
2.3e-10  0.0015625
1.23e-09  -0.0015625
2.23e-09  0.0015625
3.23e-09  0.003125
4.23e-09  0.0046875
5.23e-09  0.0015625
6.23e-09  -0.0015625
7.23e-09  -0.00625
8.23e-09  -0.0015625
9.23e-09  -0.0015625
1.023e-08  0.0015625
1.123e-08  0.003125
1.223e-08  0.0015625
1.323e-08  0.0015625
1.423e-08  0.0015625
1.523e-08  0.0046875
1.623e-08  0.0046875
1.723e-08  0.00625
1.823e-08  0.0078125
1.923e-08  0.0078125
2.023e-08  0.0078125
2.123e-08  0.0078125
2.223e-08  0.0109375
2.323e-08  0.009375
2.423e-08  0.0078125
2.523e-08  0.00625
2.623e-08  0.0046875
2.723e-08  0.0046875
2.823e-08  0.0046875
2.923e-08  0.0046875
3.023e-08  0.003125
3.123e-08  0.003125
3.223e-08  0.0015625
3.323e-08  0.0015625
3.423e-08  0
3.523e-08  0.0046875
3.623e-08  0.0078125
3.723e-08  0.0078125
3.823e-08  0.00625
3.923e-08  0.003125
4.023e-08  0.0046875
4.123e-08  0.0078125
4.223e-08  0.00625
4.323e-08  0.0078125
4.423e-08  0.0078125
4.523e-08  0.00625
4.623e-08  0.003125
4.723e-08  0.0015625
4.823e-08  0.0015625
4.923e-08  0.003125
5.023e-08  0.003125
5.123e-08  0.003125
5.223e-08  0.003125
5.323e-08  0.0015625
5.423e-08  0.0015625
5.523e-08  0.003125
5.623e-08  0.0015625
5.723e-08  0.0046875
5.823e-08  0.0015625
5.923e-08  0.0015625
6.023e-08  0.0046875
6.123e-08  0.0046875
6.223e-08  0.00625
6.323e-08  0.0046875
6.423e-08  0.0046875
6.523e-08  0.003125
6.623e-08  0.0015625
6.723e-08  0.003125
6.823e-08  0.003125
6.923e-08  0.003125
7.023e-08  0.0046875
7.123e-08  0.003125
7.223e-08  0.0015625
7.323e-08  0.0015625
7.423e-08  0
7.523e-08  0.003125
7.623e-08  0.0046875
7.723e-08  0.0046875
7.823e-08  0.003125
7.923e-08  0.0046875
8.023e-08  0.003125
8.123e-08  0.0046875
8.223e-08  0.00625
8.323e-08  0.00625
8.423e-08  0.0046875
8.523e-08  0.003125
8.623e-08  0.003125
8.723e-08  0.003125
8.823e-08  0.003125
8.923e-08  0.003125
9.023e-08  0.003125
9.123e-08  0.003125
9.223e-08  0.003125
9.323e-08  0.003125
9.423e-08  0.003125
9.523e-08  0.003125
9.623e-08  0.0046875
9.723e-08  0.0046875
9.823e-08  0.00625
9.923e-08  0.0046875
1.002e-07  0.0046875
1.012e-07  0.0046875
1.022e-07  0.0046875
1.032e-07  0.00625
1.042e-07  0.0046875
1.052e-07  0.003125
1.062e-07  0.003125
1.072e-07  0.0015625
1.082e-07  0.003125
1.092e-07  0.0015625
1.102e-07  0.0046875
1.112e-07  0.003125
1.122e-07  0.003125
1.132e-07  0.0046875
1.142e-07  0.0046875
1.152e-07  0.0046875
1.162e-07  0.003125
1.172e-07  0.003125
1.182e-07  0.0046875
1.192e-07  0.003125
1.202e-07  0.003125
1.212e-07  0.003125
1.222e-07  0.0046875
1.232e-07  0.003125
1.242e-07  0.003125
1.252e-07  0.003125
1.262e-07  0.0046875
1.272e-07  0.003125
1.282e-07  0.0015625
1.292e-07  0.0046875
1.302e-07  0.003125
1.312e-07  0.003125
1.322e-07  0.0046875
1.332e-07  0.003125
1.342e-07  0.0015625
1.352e-07  0.0046875
1.362e-07  0.003125
1.372e-07  0.0015625
1.382e-07  0.003125
1.392e-07  0.003125
1.402e-07  0.003125
1.412e-07  0.003125
1.422e-07  0.003125
1.432e-07  0.0046875
1.442e-07  0.00625
1.452e-07  0.0046875
1.462e-07  0.0046875
1.472e-07  0.00625
1.482e-07  0.0046875
1.492e-07  0.0046875
1.502e-07  0.003125
