LECROYLT354M ,814
Segments,1,SegmentSize,502
Segment,TrigTime,TimeSinceSegment1
#1,08-May-2018 11:11:59,0
Time,Ampl
-3.508e-07,-0.0015625
-3.498e-07,-0.003125
-3.488e-07,-0.0015625
-3.478e-07,0
-3.468e-07,0.0015625
-3.458e-07,0.0015625
-3.448e-07,0
-3.438e-07,-0.0015625
-3.428e-07,-0.003125
-3.418e-07,-0.0015625
-3.408e-07,0.0015625
-3.398e-07,0.0015625
-3.388e-07,0
-3.378e-07,0
-3.368e-07,0.0015625
-3.358e-07,0
-3.348e-07,0
-3.338e-07,0.0015625
-3.328e-07,-0.0015625
-3.318e-07,0.0015625
-3.308e-07,0
-3.298e-07,-0.003125
-3.288e-07,-0.003125
-3.278e-07,0
-3.268e-07,0.0015625
-3.258e-07,0.003125
-3.248e-07,0.0015625
-3.238e-07,0
-3.228e-07,0
-3.218e-07,0
-3.208e-07,0.0015625
-3.198e-07,0.003125
-3.188e-07,0.0015625
-3.178e-07,0
-3.168e-07,-0.0015625
-3.158e-07,-0.003125
-3.148e-07,-0.003125
-3.138e-07,-0.0015625
-3.128e-07,0.0015625
-3.118e-07,0.003125
-3.108e-07,0.0015625
-3.098e-07,0
-3.088e-07,-0.0015625
-3.078e-07,0
-3.068e-07,0
-3.058e-07,0.0015625
-3.048e-07,0
-3.038e-07,0
-3.028e-07,-0.0015625
-3.018e-07,-0.003125
-3.008e-07,0
-2.998e-07,-0.0015625
-2.988e-07,0.0015625
-2.978e-07,0.0015625
-2.968e-07,0.0015625
-2.958e-07,0
-2.948e-07,-0.0015625
-2.938e-07,0
-2.928e-07,0
-2.918e-07,0.0015625
-2.908e-07,0
-2.898e-07,0
-2.888e-07,-0.0015625
-2.878e-07,0
-2.868e-07,0
-2.858e-07,0.0015625
-2.848e-07,0.003125
-2.838e-07,0.003125
-2.828e-07,0.0015625
-2.818e-07,0
-2.808e-07,0
-2.798e-07,0
-2.788e-07,0
-2.778e-07,0
-2.768e-07,0.0015625
-2.758e-07,0.0015625
-2.748e-07,0
-2.738e-07,0
-2.728e-07,-0.0015625
-2.718e-07,0
-2.708e-07,0
-2.698e-07,0
-2.688e-07,-0.0015625
-2.678e-07,-0.0015625
-2.668e-07,-0.0015625
-2.658e-07,0
-2.648e-07,0.0015625
-2.638e-07,0.0015625
-2.628e-07,0
-2.618e-07,0.0015625
-2.608e-07,-0.003125
-2.598e-07,-0.0015625
-2.588e-07,0
-2.578e-07,0
-2.568e-07,0
-2.558e-07,0
-2.548e-07,-0.003125
-2.538e-07,0
-2.528e-07,-0.003125
-2.518e-07,0
-2.508e-07,0
-2.498e-07,0.0015625
-2.488e-07,0
-2.478e-07,0.0015625
-2.468e-07,0
-2.458e-07,-0.0015625
-2.448e-07,0
-2.438e-07,0
-2.428e-07,0.0015625
-2.418e-07,0
-2.408e-07,-0.0015625
-2.398e-07,0
-2.388e-07,0
-2.378e-07,0
-2.368e-07,0.0015625
-2.358e-07,0
-2.348e-07,0.0015625
-2.338e-07,0
-2.328e-07,-0.0015625
-2.318e-07,0
-2.308e-07,0
-2.298e-07,0.003125
-2.288e-07,0.0015625
-2.278e-07,0.0015625
-2.268e-07,0
-2.258e-07,0
-2.248e-07,0
-2.238e-07,-0.0015625
-2.228e-07,0.0015625
-2.218e-07,-0.0015625
-2.208e-07,0.0015625
-2.198e-07,0
-2.188e-07,-0.0015625
-2.178e-07,0
-2.168e-07,0
-2.158e-07,0
-2.148e-07,0
-2.138e-07,-0.0015625
-2.128e-07,0
-2.118e-07,-0.0015625
-2.108e-07,0.0015625
-2.098e-07,0
-2.088e-07,0.0015625
-2.078e-07,0.0015625
-2.068e-07,0
-2.058e-07,-0.0015625
-2.048e-07,-0.0015625
-2.038e-07,-0.003125
-2.028e-07,-0.0015625
-2.018e-07,0.0015625
-2.008e-07,0.003125
-1.998e-07,0
-1.988e-07,-0.0015625
-1.978e-07,0
-1.968e-07,0
-1.958e-07,0
-1.948e-07,0.0015625
-1.938e-07,0.0015625
-1.928e-07,-0.003125
-1.918e-07,-0.003125
-1.908e-07,-0.003125
-1.898e-07,0
-1.888e-07,0.0015625
-1.878e-07,0.0015625
-1.868e-07,0.0015625
-1.858e-07,-0.0015625
-1.848e-07,-0.0015625
-1.838e-07,0
-1.828e-07,-0.0015625
-1.818e-07,0.0015625
-1.808e-07,0.0015625
-1.798e-07,0.0015625
-1.788e-07,0
-1.778e-07,0
-1.768e-07,-0.0015625
-1.758e-07,0
-1.748e-07,0
-1.738e-07,0
-1.728e-07,0.0015625
-1.718e-07,-0.0015625
-1.708e-07,-0.0015625
-1.698e-07,-0.003125
-1.688e-07,0
-1.678e-07,0
-1.668e-07,0.0015625
-1.658e-07,0.0015625
-1.648e-07,0
-1.638e-07,0
-1.628e-07,0.0015625
-1.618e-07,0.0015625
-1.608e-07,0
-1.598e-07,0.0015625
-1.588e-07,0.0015625
-1.578e-07,0.0015625
-1.568e-07,-0.0015625
-1.558e-07,0
-1.548e-07,-0.0015625
-1.538e-07,0.003125
-1.528e-07,0
-1.518e-07,0
-1.508e-07,0.0015625
-1.498e-07,-0.003125
-1.488e-07,-0.0015625
-1.478e-07,0
-1.468e-07,0.0015625
-1.458e-07,0
-1.448e-07,0.0015625
-1.438e-07,0.0015625
-1.428e-07,-0.003125
-1.418e-07,-0.0015625
-1.408e-07,0
-1.398e-07,0.0015625
-1.388e-07,0.003125
-1.378e-07,0
-1.368e-07,0
-1.358e-07,-0.0046875
-1.348e-07,-0.003125
-1.338e-07,-0.0015625
-1.328e-07,0
-1.318e-07,0.0015625
-1.308e-07,-0.0015625
-1.298e-07,0
-1.288e-07,0
-1.278e-07,-0.0015625
-1.268e-07,0.0015625
-1.258e-07,0.0015625
-1.248e-07,0.0015625
-1.238e-07,0
-1.228e-07,0.0015625
-1.218e-07,0
-1.208e-07,0
-1.198e-07,0
-1.188e-07,0.0015625
-1.178e-07,0.0015625
-1.168e-07,-0.0015625
-1.158e-07,-0.003125
-1.148e-07,0
-1.138e-07,0
-1.128e-07,0.0015625
-1.118e-07,0.0015625
-1.108e-07,0
-1.098e-07,0.003125
-1.088e-07,-0.0015625
-1.078e-07,0
-1.068e-07,-0.0015625
-1.058e-07,0
-1.048e-07,-0.0046875
-1.038e-07,-0.015625
-1.028e-07,-0.025
-1.018e-07,-0.021875
-1.008e-07,-0.021875
-9.976e-08,-0.0125
-9.876e-08,0
-9.776e-08,0.00625
-9.676e-08,0.00625
-9.576e-08,0.009375
-9.476e-08,0.00625
-9.376e-08,0.0078125
-9.276e-08,0.00625
-9.176e-08,0.0015625
-9.076e-08,-0.00625
-8.976e-08,-0.0109375
-8.876e-08,-0.015625
-8.776e-08,-0.0125
-8.676e-08,-0.00625
-8.576e-08,-0.003125
-8.476e-08,0.0015625
-8.376e-08,0.0046875
-8.276e-08,0.0078125
-8.176e-08,0.009375
-8.076e-08,0.0125
-7.976e-08,0.0078125
-7.876e-08,0.003125
-7.776e-08,-0.00625
-7.676e-08,-0.009375
-7.576e-08,-0.0109375
-7.476e-08,-0.009375
-7.376e-08,-0.0015625
-7.276e-08,0.00625
-7.176e-08,0.00625
-7.076e-08,0.0015625
-6.976e-08,0.0046875
-6.876e-08,0.0046875
-6.776e-08,0.00625
-6.676e-08,0.003125
-6.576e-08,0.003125
-6.476e-08,-0.003125
-6.376e-08,-0.0046875
-6.276e-08,-0.00625
-6.176e-08,-0.0046875
-6.076e-08,-0.003125
-5.976e-08,0
-5.876e-08,0
-5.776e-08,0
-5.676e-08,0.0046875
-5.576e-08,0.0078125
-5.476e-08,0.00625
-5.376e-08,0.0078125
-5.276e-08,0.003125
-5.176e-08,-0.003125
-5.076e-08,-0.003125
-4.976e-08,-0.0046875
-4.876e-08,-0.0046875
-4.776e-08,0
-4.676e-08,0.0015625
-4.576e-08,-0.003125
-4.476e-08,-0.0015625
-4.376e-08,0
-4.276e-08,0.003125
-4.176e-08,0.00625
-4.076e-08,0.003125
-3.976e-08,0
-3.876e-08,0
-3.776e-08,-0.0015625
-3.676e-08,-0.003125
-3.576e-08,-0.0046875
-3.476e-08,-0.0046875
-3.376e-08,-0.003125
-3.276e-08,-0.00625
-3.176e-08,-0.00625
-3.076e-08,0
-2.976e-08,0.00625
-2.876e-08,0.00625
-2.776e-08,0.0078125
-2.676e-08,0.00625
-2.576e-08,0
-2.476e-08,-0.003125
-2.376e-08,-0.00625
-2.276e-08,-0.003125
-2.176e-08,0
-2.076e-08,0.00625
-1.976e-08,0.0015625
-1.876e-08,-0.003125
-1.776e-08,-0.003125
-1.676e-08,-0.0015625
-1.576e-08,-0.0015625
-1.476e-08,0.003125
-1.376e-08,0.00625
-1.276e-08,0.00625
-1.176e-08,0.003125
-1.076e-08,-0.003125
-9.76e-09,-0.0046875
-8.76e-09,-0.003125
-7.76e-09,-0.0015625
-6.76e-09,0
-5.76e-09,0
-4.76e-09,-0.0015625
-3.76e-09,-0.003125
-2.76e-09,0
-1.76e-09,0.0015625
-7.6e-10,0.003125
2.4e-10,0
1.24e-09,-0.0015625
2.24e-09,-0.0015625
3.24e-09,-0.0015625
4.24e-09,-0.003125
5.24e-09,0
6.24e-09,0
7.24e-09,0
8.24e-09,-0.003125
9.24e-09,-0.003125
1.024e-08,0
1.124e-08,0.0015625
1.224e-08,0
1.324e-08,0.0015625
1.424e-08,0
1.524e-08,-0.003125
1.624e-08,-0.003125
1.724e-08,-0.003125
1.824e-08,-0.0015625
1.924e-08,0
2.024e-08,0.0015625
2.124e-08,0
2.224e-08,-0.003125
2.324e-08,-0.003125
2.424e-08,-0.003125
2.524e-08,0
2.624e-08,0.003125
2.724e-08,0.0015625
2.824e-08,0
2.924e-08,0
3.024e-08,0
3.124e-08,-0.003125
3.224e-08,-0.003125
3.324e-08,0
3.424e-08,0.003125
3.524e-08,0.0015625
3.624e-08,0
3.724e-08,-0.003125
3.824e-08,0
3.924e-08,0.0015625
4.024e-08,0.003125
4.124e-08,0.0015625
4.224e-08,0.003125
4.324e-08,0
4.424e-08,-0.003125
4.524e-08,-0.003125
4.624e-08,0
4.724e-08,0.003125
4.824e-08,0.003125
4.924e-08,-0.0015625
5.024e-08,-0.0015625
5.124e-08,-0.003125
5.224e-08,-0.0015625
5.324e-08,-0.0015625
5.424e-08,0.0015625
5.524e-08,0
5.624e-08,-0.0015625
5.724e-08,0
5.824e-08,-0.003125
5.924e-08,0
6.024e-08,0
6.124e-08,0.0015625
6.224e-08,0
6.324e-08,0
6.424e-08,0
6.524e-08,-0.0015625
6.624e-08,0
6.724e-08,0
6.824e-08,0
6.924e-08,0.0015625
7.024e-08,0.0015625
7.124e-08,0
7.224e-08,-0.003125
7.324e-08,0
7.424e-08,0.0015625
7.524e-08,0.0015625
7.624e-08,0.0015625
7.724e-08,0.0015625
7.824e-08,0
7.924e-08,-0.003125
8.024e-08,-0.0015625
8.124e-08,0
8.224e-08,0.003125
8.324e-08,0
8.424e-08,0
8.524e-08,0
8.624e-08,-0.0015625
8.724e-08,0
8.824e-08,0.0015625
8.924e-08,0.0015625
9.024e-08,0.0015625
9.124e-08,0
9.224e-08,-0.003125
9.324e-08,-0.003125
9.424e-08,0
9.524e-08,0.0015625
9.624e-08,0.003125
9.724e-08,0
9.824e-08,0
9.924e-08,-0.0015625
1.002e-07,0
1.012e-07,-0.0015625
1.022e-07,0
1.032e-07,0.003125
1.042e-07,-0.0015625
1.052e-07,-0.0015625
1.062e-07,-0.0015625
1.072e-07,-0.0015625
1.082e-07,0
1.092e-07,0
1.102e-07,-0.0015625
1.112e-07,0
1.122e-07,-0.0015625
1.132e-07,-0.003125
1.142e-07,-0.003125
1.152e-07,0
1.162e-07,0
1.172e-07,0.003125
1.182e-07,0
1.192e-07,0.0015625
1.202e-07,0
1.212e-07,-0.0015625
1.222e-07,-0.0015625
1.232e-07,0.003125
1.242e-07,0.0015625
1.252e-07,-0.0015625
1.262e-07,-0.003125
1.272e-07,0
1.282e-07,-0.0015625
1.292e-07,-0.0015625
1.302e-07,0
1.312e-07,0
1.322e-07,0
1.332e-07,-0.0015625
1.342e-07,-0.0015625
1.352e-07,-0.0015625
1.362e-07,0.0015625
1.372e-07,0
1.382e-07,0
1.392e-07,0
1.402e-07,0
1.412e-07,-0.003125
1.422e-07,0
1.432e-07,0
1.442e-07,0.0015625
1.452e-07,0.0015625
1.462e-07,0.0015625
1.472e-07,0
1.482e-07,-0.003125
1.492e-07,-0.0015625
1.502e-07,0
