
-3.505e-07  -0.003125
-3.495e-07  -0.0015625
-3.485e-07  -0.0015625
-3.475e-07  -0.0015625
-3.465e-07  0
-3.455e-07  0.0015625
-3.445e-07  0
-3.435e-07  0
-3.425e-07  0
-3.415e-07  0
-3.405e-07  0
-3.395e-07  0.003125
-3.385e-07  0.0015625
-3.375e-07  -0.0015625
-3.365e-07  0
-3.355e-07  -0.0015625
-3.345e-07  -0.0015625
-3.335e-07  -0.0015625
-3.325e-07  0
-3.315e-07  0
-3.305e-07  0
-3.295e-07  -0.0015625
-3.285e-07  -0.0015625
-3.275e-07  0
-3.265e-07  -0.003125
-3.255e-07  0.0015625
-3.245e-07  0.0015625
-3.235e-07  0
-3.225e-07  -0.0015625
-3.215e-07  -0.0015625
-3.205e-07  -0.0015625
-3.195e-07  0.0015625
-3.185e-07  -0.0015625
-3.175e-07  0
-3.165e-07  -0.0015625
-3.155e-07  -0.003125
-3.145e-07  -0.0015625
-3.135e-07  0
-3.125e-07  0
-3.115e-07  0.0015625
-3.105e-07  0
-3.095e-07  -0.0015625
-3.085e-07  -0.0015625
-3.075e-07  -0.003125
-3.065e-07  -0.0015625
-3.055e-07  -0.0015625
-3.045e-07  0
-3.035e-07  -0.0015625
-3.025e-07  -0.0015625
-3.015e-07  -0.0015625
-3.005e-07  -0.003125
-2.995e-07  -0.003125
-2.985e-07  0
-2.975e-07  0.0015625
-2.965e-07  0.0015625
-2.955e-07  -0.0015625
-2.945e-07  -0.0015625
-2.935e-07  -0.003125
-2.925e-07  0
-2.915e-07  0.0015625
-2.905e-07  0
-2.895e-07  0.0015625
-2.885e-07  0
-2.875e-07  -0.0015625
-2.865e-07  0
-2.855e-07  -0.0015625
-2.845e-07  0.0015625
-2.835e-07  0.0015625
-2.825e-07  0.0015625
-2.815e-07  -0.003125
-2.805e-07  -0.0015625
-2.795e-07  -0.0015625
-2.785e-07  0
-2.775e-07  -0.0015625
-2.765e-07  0
-2.755e-07  0
-2.745e-07  -0.0015625
-2.735e-07  -0.0015625
-2.725e-07  -0.0015625
-2.715e-07  0
-2.705e-07  0.0015625
-2.695e-07  0.0015625
-2.685e-07  -0.0015625
-2.675e-07  0
-2.665e-07  -0.0015625
-2.655e-07  -0.0015625
-2.645e-07  -0.0015625
-2.635e-07  -0.0015625
-2.625e-07  0
-2.615e-07  -0.0015625
-2.605e-07  -0.0015625
-2.595e-07  -0.003125
-2.585e-07  -0.0015625
-2.575e-07  0
-2.565e-07  0
-2.555e-07  0
-2.545e-07  0.0015625
-2.535e-07  -0.0015625
-2.525e-07  0
-2.515e-07  -0.0015625
-2.505e-07  0
-2.495e-07  0.0015625
-2.485e-07  0.0015625
-2.475e-07  -0.0015625
-2.465e-07  -0.0015625
-2.455e-07  -0.0015625
-2.445e-07  0
-2.435e-07  0.0015625
-2.425e-07  -0.0015625
-2.415e-07  0.0015625
-2.405e-07  0
-2.395e-07  0
-2.385e-07  0
-2.375e-07  -0.0015625
-2.365e-07  -0.0015625
-2.355e-07  0.0015625
-2.345e-07  0
-2.335e-07  -0.0015625
-2.325e-07  0.0015625
-2.315e-07  0
-2.305e-07  -0.0015625
-2.295e-07  -0.0015625
-2.285e-07  0.0015625
-2.275e-07  0
-2.265e-07  -0.0015625
-2.255e-07  -0.0015625
-2.245e-07  -0.003125
-2.235e-07  -0.0015625
-2.225e-07  0.003125
-2.215e-07  0.0015625
-2.205e-07  0.0015625
-2.195e-07  0.0015625
-2.185e-07  0
-2.175e-07  -0.003125
-2.165e-07  -0.003125
-2.155e-07  0
-2.145e-07  0.0015625
-2.135e-07  0
-2.125e-07  0
-2.115e-07  -0.0015625
-2.105e-07  0
-2.095e-07  0.0015625
-2.085e-07  0
-2.075e-07  0.0015625
-2.065e-07  0.0015625
-2.055e-07  0
-2.045e-07  0
-2.035e-07  -0.003125
-2.025e-07  0
-2.015e-07  0
-2.005e-07  0
-1.995e-07  0.0015625
-1.985e-07  0
-1.975e-07  -0.0015625
-1.965e-07  -0.003125
-1.955e-07  0
-1.945e-07  0
-1.935e-07  0
-1.925e-07  0
-1.915e-07  -0.0015625
-1.905e-07  0
-1.895e-07  0
-1.885e-07  -0.0015625
-1.875e-07  0.0015625
-1.865e-07  0.0015625
-1.855e-07  0.0015625
-1.845e-07  0
-1.835e-07  -0.0015625
-1.825e-07  -0.0015625
-1.815e-07  -0.003125
-1.805e-07  -0.0015625
-1.795e-07  0.0015625
-1.785e-07  -0.0015625
-1.775e-07  0
-1.765e-07  0
-1.755e-07  -0.003125
-1.745e-07  -0.0015625
-1.735e-07  0
-1.725e-07  -0.0015625
-1.715e-07  0
-1.705e-07  0
-1.695e-07  -0.0015625
-1.685e-07  -0.003125
-1.675e-07  0.0015625
-1.665e-07  0.0015625
-1.655e-07  0.0015625
-1.645e-07  0
-1.635e-07  -0.0015625
-1.625e-07  0
-1.615e-07  0
-1.605e-07  -0.003125
-1.595e-07  0
-1.585e-07  0.0015625
-1.575e-07  0
-1.565e-07  -0.0015625
-1.555e-07  -0.003125
-1.545e-07  -0.003125
-1.535e-07  -0.0015625
-1.525e-07  0
-1.515e-07  -0.0015625
-1.505e-07  -0.0015625
-1.495e-07  0
-1.485e-07  0
-1.475e-07  -0.0015625
-1.465e-07  0
-1.455e-07  0
-1.445e-07  0.0015625
-1.435e-07  -0.0015625
-1.425e-07  -0.0015625
-1.415e-07  -0.0015625
-1.405e-07  -0.0015625
-1.395e-07  -0.0015625
-1.385e-07  -0.0015625
-1.375e-07  0
-1.365e-07  0
-1.355e-07  0
-1.345e-07  -0.003125
-1.335e-07  0
-1.325e-07  0.0015625
-1.315e-07  0.0015625
-1.305e-07  0.0015625
-1.295e-07  0
-1.285e-07  0.0015625
-1.275e-07  0.003125
-1.265e-07  0.0015625
-1.255e-07  0
-1.245e-07  -0.003125
-1.235e-07  0.0015625
-1.225e-07  0.0015625
-1.215e-07  0.0125
-1.205e-07  0.0234375
-1.195e-07  0.0375
-1.185e-07  0.05
-1.175e-07  0.053125
-1.165e-07  0.0390625
-1.155e-07  0.025
-1.145e-07  0.00625
-1.135e-07  -0.003125
-1.125e-07  -0.00625
-1.115e-07  -0.0046875
-1.105e-07  0
-1.095e-07  0.00625
-1.085e-07  0.0078125
-1.075e-07  0.0140625
-1.065e-07  0.0171875
-1.055e-07  0.0171875
-1.045e-07  0.015625
-1.035e-07  0.0125
-1.025e-07  0.0046875
-1.015e-07  0
-1.005e-07  -0.003125
-9.946e-08  -0.0046875
-9.847e-08  -0.0046875
-9.746e-08  0
-9.647e-08  0.003125
-9.546e-08  0.00625
-9.446e-08  0.009375
-9.346e-08  0.0078125
-9.246e-08  0.0109375
-9.146e-08  0.009375
-9.046e-08  0.0046875
-8.947e-08  0
-8.846e-08  -0.0046875
-8.747e-08  -0.009375
-8.646e-08  -0.0109375
-8.546e-08  -0.0046875
-8.446e-08  0.0015625
-8.347e-08  0.003125
-8.246e-08  0.00625
-8.146e-08  0.00625
-8.046e-08  0.0078125
-7.947e-08  0.00625
-7.846e-08  0.00625
-7.746e-08  0
-7.646e-08  -0.0046875
-7.546e-08  -0.0078125
-7.446e-08  -0.0046875
-7.346e-08  -0.0046875
-7.246e-08  -0.0078125
-7.146e-08  -0.0109375
-7.046e-08  -0.0046875
-6.947e-08  -0.003125
-6.846e-08  -0.003125
-6.746e-08  0
-6.646e-08  0.003125
-6.546e-08  0.00625
-6.446e-08  0.003125
-6.346e-08  -0.0046875
-6.247e-08  -0.0046875
-6.147e-08  -0.0046875
-6.046e-08  -0.00625
-5.946e-08  -0.0078125
-5.846e-08  -0.003125
-5.746e-08  -0.0015625
-5.646e-08  0
-5.546e-08  0.003125
-5.446e-08  0.0015625
-5.347e-08  0
-5.246e-08  0.0015625
-5.146e-08  0.0015625
-5.046e-08  0.0015625
-4.946e-08  0.0015625
-4.846e-08  -0.0015625
-4.746e-08  -0.00625
-4.646e-08  -0.00625
-4.546e-08  -0.009375
-4.446e-08  -0.003125
-4.346e-08  0
-4.246e-08  0
-4.146e-08  0.0015625
-4.046e-08  0.003125
-3.946e-08  0.0015625
-3.846e-08  0.003125
-3.746e-08  0.0015625
-3.646e-08  0.0015625
-3.546e-08  0.003125
-3.446e-08  0.0046875
-3.346e-08  0.003125
-3.246e-08  0
-3.146e-08  -0.0015625
-3.046e-08  -0.003125
-2.946e-08  -0.003125
-2.846e-08  -0.003125
-2.746e-08  -0.0046875
-2.646e-08  -0.0015625
-2.546e-08  -0.0015625
-2.446e-08  0
-2.346e-08  0.0015625
-2.246e-08  0.0015625
-2.146e-08  0.003125
-2.046e-08  0.0015625
-1.946e-08  0
-1.846e-08  0.0015625
-1.746e-08  0.0015625
-1.646e-08  0
-1.546e-08  0
-1.446e-08  0
-1.346e-08  -0.0015625
-1.246e-08  0
-1.146e-08  -0.003125
-1.046e-08  -0.0015625
-9.465e-09  -0.0015625
-8.465e-09  0
-7.465e-09  0.0015625
-6.465e-09  -0.0015625
-5.465e-09  0
-4.465e-09  0
-3.465e-09  -0.0015625
-2.465e-09  -0.003125
-1.465e-09  0.0015625
-4.65e-10  0.0015625
5.35e-10  0
1.535e-09  -0.0015625
2.535e-09  0.0015625
3.535e-09  -0.0015625
4.535e-09  0.0015625
5.535e-09  -0.0015625
6.535e-09  -0.003125
7.535e-09  0
8.535e-09  -0.0015625
9.535e-09  0
1.054e-08  -0.0015625
1.154e-08  -0.0015625
1.254e-08  0
1.354e-08  0
1.454e-08  0
1.554e-08  -0.003125
1.654e-08  0
1.754e-08  0
1.854e-08  -0.0015625
1.954e-08  0
2.054e-08  0.003125
2.154e-08  0.003125
2.254e-08  0.003125
2.354e-08  0.0015625
2.454e-08  0.0015625
2.554e-08  0.003125
2.654e-08  0.003125
2.754e-08  0.0015625
2.854e-08  0
2.954e-08  0.0015625
3.054e-08  -0.0015625
3.154e-08  -0.0015625
3.254e-08  -0.0046875
3.354e-08  -0.0015625
3.454e-08  0.0015625
3.554e-08  0
3.654e-08  0.0015625
3.754e-08  0.003125
3.854e-08  0.003125
3.954e-08  0
4.054e-08  0
4.154e-08  0.0015625
4.254e-08  0.003125
4.354e-08  0.003125
4.454e-08  0
4.554e-08  -0.0015625
4.654e-08  -0.003125
4.754e-08  -0.0015625
4.854e-08  0
4.954e-08  0
5.054e-08  0
5.154e-08  0
5.254e-08  0.0015625
5.354e-08  0
5.454e-08  -0.003125
5.554e-08  0.0015625
5.654e-08  0.0015625
5.754e-08  0
5.854e-08  -0.003125
5.954e-08  0
6.054e-08  0
6.154e-08  0
6.254e-08  0.0015625
6.354e-08  -0.0015625
6.454e-08  0
6.554e-08  0
6.654e-08  0
6.754e-08  -0.0015625
6.854e-08  0.0015625
6.954e-08  0.0015625
7.054e-08  0.0015625
7.154e-08  0
7.254e-08  0
7.354e-08  0.0015625
7.454e-08  -0.0015625
7.554e-08  0
7.654e-08  0.0015625
7.754e-08  0
7.854e-08  -0.0015625
7.954e-08  -0.0015625
8.054e-08  -0.003125
8.154e-08  -0.0015625
8.254e-08  0
8.354e-08  0.0015625
8.454e-08  -0.0015625
8.554e-08  0
8.654e-08  0
8.754e-08  -0.003125
8.854e-08  -0.0015625
8.954e-08  0
9.054e-08  0
9.154e-08  0.0015625
9.254e-08  0.0015625
9.354e-08  -0.0015625
9.454e-08  -0.0015625
9.554e-08  0
9.654e-08  0.0015625
9.753e-08  0.0015625
9.854e-08  0.0015625
9.954e-08  0
1.005e-07  0
1.015e-07  -0.0015625
1.025e-07  0
1.035e-07  0.003125
1.045e-07  0.0015625
1.055e-07  0.0015625
1.065e-07  -0.0015625
1.075e-07  0
1.085e-07  -0.0015625
1.095e-07  0
1.105e-07  0.0015625
1.115e-07  0.003125
1.125e-07  0.0015625
1.135e-07  0.0015625
1.145e-07  0
1.155e-07  -0.0015625
1.165e-07  0.0015625
1.175e-07  0.0015625
1.185e-07  0.0015625
1.195e-07  0
1.205e-07  -0.003125
1.215e-07  -0.0015625
1.225e-07  -0.0015625
1.235e-07  0
1.245e-07  0
1.255e-07  0.0015625
1.265e-07  -0.0015625
1.275e-07  -0.0015625
1.285e-07  -0.003125
1.295e-07  -0.003125
1.305e-07  0.0015625
1.315e-07  0
1.325e-07  0
1.335e-07  0
1.345e-07  -0.0015625
1.355e-07  0
1.365e-07  0
1.375e-07  0.0015625
1.385e-07  0.0015625
1.395e-07  0.0015625
1.405e-07  0
1.415e-07  -0.0015625
1.425e-07  0
1.435e-07  -0.0015625
1.445e-07  0.0015625
1.455e-07  0.0015625
1.465e-07  -0.0015625
1.475e-07  0.0015625
1.485e-07  -0.0015625
1.495e-07  0
1.505e-07  0
