
-3.505e-07  0.0015625
-3.495e-07  0
-3.485e-07  0.0015625
-3.475e-07  -0.0015625
-3.465e-07  0
-3.455e-07  -0.003125
-3.445e-07  -0.003125
-3.435e-07  0
-3.425e-07  0
-3.415e-07  -0.0015625
-3.405e-07  -0.0015625
-3.395e-07  0
-3.385e-07  -0.003125
-3.375e-07  0
-3.365e-07  -0.0015625
-3.355e-07  0
-3.345e-07  -0.0015625
-3.335e-07  0
-3.325e-07  0
-3.315e-07  0
-3.305e-07  0
-3.295e-07  0.0015625
-3.285e-07  0
-3.275e-07  0.003125
-3.265e-07  0.0015625
-3.255e-07  0.0015625
-3.245e-07  0.0015625
-3.235e-07  0
-3.225e-07  -0.0015625
-3.215e-07  -0.003125
-3.205e-07  0
-3.195e-07  0
-3.185e-07  0.0015625
-3.175e-07  0
-3.165e-07  0.0015625
-3.155e-07  0.0015625
-3.145e-07  0.0015625
-3.135e-07  0.0015625
-3.125e-07  0
-3.115e-07  -0.0015625
-3.105e-07  0
-3.095e-07  0.0015625
-3.085e-07  0
-3.075e-07  -0.0015625
-3.065e-07  0.0015625
-3.055e-07  0
-3.045e-07  0
-3.035e-07  -0.0015625
-3.025e-07  -0.0015625
-3.015e-07  0
-3.005e-07  0
-2.995e-07  0
-2.985e-07  -0.0015625
-2.975e-07  -0.0015625
-2.965e-07  -0.0015625
-2.955e-07  -0.0015625
-2.945e-07  0
-2.935e-07  -0.0015625
-2.925e-07  0
-2.915e-07  0
-2.905e-07  -0.0015625
-2.895e-07  -0.0015625
-2.885e-07  -0.0015625
-2.875e-07  -0.0015625
-2.865e-07  -0.0015625
-2.855e-07  0
-2.845e-07  -0.0015625
-2.835e-07  -0.0015625
-2.825e-07  0
-2.815e-07  0
-2.805e-07  -0.003125
-2.795e-07  0
-2.785e-07  0
-2.775e-07  0
-2.765e-07  0
-2.755e-07  0
-2.745e-07  0
-2.735e-07  0.0015625
-2.725e-07  -0.0015625
-2.715e-07  0.0015625
-2.705e-07  -0.0015625
-2.695e-07  -0.0015625
-2.685e-07  0
-2.675e-07  0
-2.665e-07  -0.0015625
-2.655e-07  0.0015625
-2.645e-07  0.003125
-2.635e-07  0
-2.625e-07  0
-2.615e-07  0
-2.605e-07  0.0015625
-2.595e-07  0
-2.585e-07  0
-2.575e-07  0
-2.565e-07  0.0015625
-2.555e-07  0
-2.545e-07  0
-2.535e-07  -0.0015625
-2.525e-07  -0.0015625
-2.515e-07  0
-2.505e-07  0.0015625
-2.495e-07  0
-2.485e-07  -0.0015625
-2.475e-07  0
-2.465e-07  0.0015625
-2.455e-07  0.0015625
-2.445e-07  0
-2.435e-07  -0.0015625
-2.425e-07  -0.0015625
-2.415e-07  -0.0015625
-2.405e-07  -0.0015625
-2.395e-07  0
-2.385e-07  0.0015625
-2.375e-07  0.0015625
-2.365e-07  0.0015625
-2.355e-07  0.0015625
-2.345e-07  -0.003125
-2.335e-07  -0.0015625
-2.325e-07  -0.003125
-2.315e-07  0
-2.305e-07  0
-2.295e-07  -0.0015625
-2.285e-07  0.0015625
-2.275e-07  0
-2.265e-07  0
-2.255e-07  0
-2.245e-07  0
-2.235e-07  -0.0015625
-2.225e-07  -0.0015625
-2.215e-07  -0.0015625
-2.205e-07  0
-2.195e-07  -0.0015625
-2.185e-07  -0.003125
-2.175e-07  0
-2.165e-07  0.0015625
-2.155e-07  0
-2.145e-07  -0.003125
-2.135e-07  0.0015625
-2.125e-07  0
-2.115e-07  0
-2.105e-07  0
-2.095e-07  0
-2.085e-07  -0.0015625
-2.075e-07  -0.0015625
-2.065e-07  -0.0015625
-2.055e-07  -0.0015625
-2.045e-07  -0.0015625
-2.035e-07  -0.0015625
-2.025e-07  0
-2.015e-07  -0.0015625
-2.005e-07  0
-1.995e-07  -0.0015625
-1.985e-07  0
-1.975e-07  -0.0015625
-1.965e-07  -0.0015625
-1.955e-07  0
-1.945e-07  0
-1.935e-07  0
-1.925e-07  -0.0015625
-1.915e-07  0
-1.905e-07  -0.0015625
-1.895e-07  0
-1.885e-07  -0.003125
-1.875e-07  0
-1.865e-07  0
-1.855e-07  0.0015625
-1.845e-07  0
-1.835e-07  -0.0015625
-1.825e-07  0
-1.815e-07  0
-1.805e-07  -0.0015625
-1.795e-07  -0.0015625
-1.785e-07  -0.0015625
-1.775e-07  -0.003125
-1.765e-07  -0.0015625
-1.755e-07  -0.0015625
-1.745e-07  0.0015625
-1.735e-07  -0.0015625
-1.725e-07  0
-1.715e-07  -0.0015625
-1.705e-07  -0.0015625
-1.695e-07  -0.0015625
-1.685e-07  0.0015625
-1.675e-07  -0.0015625
-1.665e-07  0.0015625
-1.655e-07  0
-1.645e-07  0.0015625
-1.635e-07  0
-1.625e-07  0
-1.615e-07  0
-1.605e-07  0
-1.595e-07  0.0015625
-1.585e-07  0
-1.575e-07  0
-1.565e-07  0
-1.555e-07  0
-1.545e-07  0.0015625
-1.535e-07  -0.0015625
-1.525e-07  0
-1.515e-07  0.0015625
-1.505e-07  0
-1.495e-07  -0.0015625
-1.485e-07  0
-1.475e-07  0.0015625
-1.465e-07  0
-1.455e-07  0
-1.445e-07  0.0015625
-1.435e-07  -0.0015625
-1.425e-07  0.003125
-1.415e-07  0.0015625
-1.405e-07  0
-1.395e-07  0.0015625
-1.385e-07  0
-1.375e-07  0
-1.365e-07  0
-1.355e-07  0
-1.345e-07  -0.0015625
-1.335e-07  0.0015625
-1.325e-07  0
-1.315e-07  -0.0015625
-1.305e-07  0
-1.295e-07  0
-1.285e-07  -0.0015625
-1.275e-07  0
-1.265e-07  0.0015625
-1.255e-07  0
-1.245e-07  0
-1.235e-07  0
-1.225e-07  -0.0015625
-1.215e-07  -0.0015625
-1.205e-07  -0.01875
-1.195e-07  -0.0296875
-1.185e-07  -0.05625
-1.175e-07  -0.0515625
-1.165e-07  -0.0359375
-1.155e-07  -0.0140625
-1.145e-07  -0.0015625
-1.135e-07  0.021875
-1.125e-07  0.025
-1.115e-07  0.034375
-1.105e-07  0.0265625
-1.095e-07  0.0140625
-1.085e-07  -0.0046875
-1.075e-07  -0.0171875
-1.065e-07  -0.028125
-1.055e-07  -0.03125
-1.045e-07  -0.0390625
-1.035e-07  -0.034375
-1.025e-07  -0.025
-1.015e-07  0.003125
-1.005e-07  0.015625
-9.948e-08  0.034375
-9.848e-08  0.0390625
-9.748e-08  0.0359375
-9.648e-08  0.028125
-9.548e-08  0.003125
-9.448e-08  -0.0140625
-9.348e-08  -0.025
-9.248e-08  -0.0265625
-9.148e-08  -0.0171875
-9.048e-08  -0.009375
-8.948e-08  -0.003125
-8.848e-08  0.0046875
-8.748e-08  0.0140625
-8.648e-08  0.0203125
-8.548e-08  0.0203125
-8.448e-08  0.0203125
-8.348e-08  0.015625
-8.248e-08  0.015625
-8.148e-08  0.0078125
-8.048e-08  -0.0015625
-7.948e-08  -0.015625
-7.848e-08  -0.025
-7.748e-08  -0.01875
-7.648e-08  -0.009375
-7.548e-08  0.0109375
-7.448e-08  0.015625
-7.348e-08  0.0140625
-7.248e-08  0.009375
-7.148e-08  0.003125
-7.048e-08  0.0078125
-6.948e-08  0.0109375
-6.848e-08  0.0109375
-6.748e-08  0.003125
-6.648e-08  0.003125
-6.548e-08  -0.0046875
-6.448e-08  -0.009375
-6.348e-08  -0.009375
-6.248e-08  -0.0046875
-6.148e-08  0
-6.048e-08  0.0015625
-5.948e-08  0.0015625
-5.848e-08  -0.003125
-5.748e-08  -0.0015625
-5.648e-08  0.0109375
-5.548e-08  0.00625
-5.448e-08  0.003125
-5.348e-08  -0.0015625
-5.248e-08  -0.0015625
-5.148e-08  0
-5.048e-08  -0.003125
-4.948e-08  -0.0046875
-4.848e-08  -0.009375
-4.748e-08  -0.003125
-4.648e-08  0.0015625
-4.548e-08  0.0015625
-4.448e-08  0.0046875
-4.348e-08  0.003125
-4.248e-08  -0.0015625
-4.148e-08  -0.0015625
-4.048e-08  -0.0046875
-3.948e-08  -0.00625
-3.848e-08  -0.0078125
-3.748e-08  -0.00625
-3.648e-08  -0.0015625
-3.548e-08  -0.0015625
-3.448e-08  0.0015625
-3.348e-08  0.0015625
-3.248e-08  0.003125
-3.148e-08  0.003125
-3.048e-08  0
-2.948e-08  0.0015625
-2.848e-08  0.0015625
-2.748e-08  0.003125
-2.648e-08  0.0015625
-2.548e-08  -0.0015625
-2.448e-08  -0.0046875
-2.348e-08  -0.00625
-2.248e-08  -0.0078125
-2.148e-08  -0.003125
-2.048e-08  0
-1.948e-08  0.0015625
-1.848e-08  0.0015625
-1.748e-08  0
-1.648e-08  0
-1.548e-08  0
-1.448e-08  0
-1.348e-08  0.0015625
-1.248e-08  0
-1.148e-08  -0.0015625
-1.048e-08  0.0015625
-9.48e-09  0
-8.48e-09  -0.003125
-7.48e-09  -0.003125
-6.48e-09  -0.003125
-5.48e-09  -0.003125
-4.48e-09  -0.003125
-3.48e-09  0
-2.48e-09  0.003125
-1.48e-09  0.003125
-4.8e-10  0
5.2e-10  -0.0015625
1.52e-09  -0.0015625
2.52e-09  -0.0046875
3.52e-09  -0.00625
4.52e-09  -0.00625
5.52e-09  -0.0078125
6.52e-09  -0.003125
7.52e-09  -0.0015625
8.52e-09  0.0015625
9.52e-09  0.0015625
1.052e-08  0.0015625
1.152e-08  0
1.252e-08  0.003125
1.352e-08  0.0015625
1.452e-08  0
1.552e-08  -0.003125
1.652e-08  -0.003125
1.752e-08  -0.003125
1.852e-08  -0.00625
1.952e-08  -0.0046875
2.052e-08  -0.0046875
2.152e-08  -0.00625
2.252e-08  -0.0046875
2.352e-08  -0.003125
2.452e-08  -0.003125
2.552e-08  0
2.652e-08  0.0015625
2.752e-08  0.003125
2.852e-08  0.003125
2.952e-08  0
3.052e-08  0
3.152e-08  0.0015625
3.252e-08  0.0015625
3.352e-08  0.0015625
3.452e-08  -0.0015625
3.552e-08  -0.003125
3.652e-08  -0.0015625
3.752e-08  -0.0015625
3.852e-08  0
3.952e-08  0
4.052e-08  -0.0015625
4.152e-08  -0.0015625
4.252e-08  0
4.352e-08  0
4.452e-08  0
4.552e-08  0.0015625
4.652e-08  0.0015625
4.752e-08  0.0015625
4.852e-08  0.0015625
4.952e-08  0.0015625
5.052e-08  0.0015625
5.152e-08  0.003125
5.252e-08  0.0015625
5.352e-08  0
5.452e-08  0.0015625
5.552e-08  0
5.652e-08  0
5.752e-08  -0.003125
5.852e-08  -0.003125
5.952e-08  -0.003125
6.052e-08  -0.0046875
6.152e-08  -0.0015625
6.252e-08  -0.0046875
6.352e-08  -0.0046875
6.452e-08  -0.0015625
6.552e-08  0.0015625
6.652e-08  0
6.752e-08  0
6.852e-08  0.0015625
6.952e-08  0
7.052e-08  0
7.152e-08  0
7.252e-08  0
7.352e-08  -0.003125
7.452e-08  -0.0046875
7.552e-08  -0.003125
7.652e-08  -0.003125
7.752e-08  -0.003125
7.852e-08  -0.003125
7.952e-08  -0.0015625
8.052e-08  -0.003125
8.152e-08  -0.0015625
8.252e-08  0
8.352e-08  -0.003125
8.452e-08  0
8.552e-08  0
8.652e-08  -0.0015625
8.752e-08  0
8.852e-08  0
8.952e-08  0.0015625
9.052e-08  0.0015625
9.152e-08  0
9.252e-08  -0.0015625
9.352e-08  -0.0015625
9.452e-08  0.0015625
9.552e-08  0
9.652e-08  -0.0015625
9.752e-08  -0.0015625
9.852e-08  0
9.952e-08  0
1.005e-07  0.0015625
1.015e-07  0.0015625
1.025e-07  0
1.035e-07  0
1.045e-07  0
1.055e-07  -0.0015625
1.065e-07  0.0015625
1.075e-07  0.0015625
1.085e-07  0
1.095e-07  0
1.105e-07  0
1.115e-07  0.0015625
1.125e-07  -0.0015625
1.135e-07  0
1.145e-07  -0.0015625
1.155e-07  -0.0015625
1.165e-07  -0.0015625
1.175e-07  0
1.185e-07  0
1.195e-07  -0.0015625
1.205e-07  -0.003125
1.215e-07  -0.0015625
1.225e-07  -0.0015625
1.235e-07  0
1.245e-07  0
1.255e-07  -0.0015625
1.265e-07  0
1.275e-07  0.0015625
1.285e-07  0.0015625
1.295e-07  -0.0015625
1.305e-07  0
1.315e-07  -0.003125
1.325e-07  0
1.335e-07  -0.003125
1.345e-07  -0.003125
1.355e-07  0
1.365e-07  0.0015625
1.375e-07  -0.003125
1.385e-07  -0.003125
1.395e-07  -0.003125
1.405e-07  -0.003125
1.415e-07  -0.0015625
1.425e-07  -0.0015625
1.435e-07  0
1.445e-07  -0.003125
1.455e-07  0
1.465e-07  -0.0015625
1.475e-07  0.0015625
1.485e-07  0.0015625
1.495e-07  0
1.505e-07  0
