
-3,5e-07  0
-3,49e-07  0,0015625
-3,48e-07  0
-3,47e-07  0,0015625
-3,46e-07  0,0015625
-3,45e-07  -0,003125
-3,44e-07  0
-3,43e-07  0,0015625
-3,42e-07  0,0015625
-3,41e-07  0,003125
-3,4e-07  0
-3,39e-07  -0,0015625
-3,38e-07  -0,003125
-3,37e-07  -0,003125
-3,36e-07  0
-3,35e-07  0,0015625
-3,34e-07  0
-3,33e-07  0
-3,32e-07  -0,0015625
-3,31e-07  0
-3,3e-07  -0,003125
-3,29e-07  0
-3,28e-07  0,0015625
-3,27e-07  0,0015625
-3,26e-07  0,0015625
-3,25e-07  -0,0015625
-3,24e-07  -0,0015625
-3,23e-07  0
-3,22e-07  0,003125
-3,21e-07  0,003125
-3,2e-07  0,003125
-3,19e-07  0
-3,18e-07  0
-3,17e-07  0
-3,16e-07  -0,0015625
-3,15e-07  0,0015625
-3,14e-07  0,0015625
-3,13e-07  0,0015625
-3,12e-07  0
-3,11e-07  -0,0015625
-3,1e-07  0
-3,09e-07  0
-3,08e-07  0
-3,07e-07  0,0015625
-3,06e-07  0
-3,05e-07  -0,0015625
-3,04e-07  -0,0015625
-3,03e-07  -0,003125
-3,02e-07  -0,0015625
-3,01e-07  0,0015625
-3e-07  0,0015625
-2,99e-07  0,0015625
-2,98e-07  -0,0015625
-2,97e-07  0
-2,96e-07  0
-2,95e-07  -0,0015625
-2,94e-07  0
-2,93e-07  0
-2,92e-07  0
-2,91e-07  -0,0015625
-2,9e-07  -0,00625
-2,89e-07  -0,003125
-2,88e-07  -0,0015625
-2,87e-07  0
-2,86e-07  0
-2,85e-07  -0,0015625
-2,84e-07  -0,0015625
-2,83e-07  -0,0015625
-2,82e-07  -0,0015625
-2,81e-07  0
-2,8e-07  -0,0015625
-2,79e-07  0
-2,78e-07  0
-2,77e-07  -0,003125
-2,76e-07  -0,003125
-2,75e-07  -0,003125
-2,74e-07  -0,0015625
-2,73e-07  -0,0015625
-2,72e-07  0
-2,71e-07  -0,0015625
-2,7e-07  -0,0015625
-2,69e-07  -0,003125
-2,68e-07  -0,0015625
-2,67e-07  -0,0015625
-2,66e-07  0
-2,65e-07  0
-2,64e-07  0
-2,63e-07  -0,0015625
-2,62e-07  0
-2,61e-07  -0,0015625
-2,6e-07  0
-2,59e-07  0
-2,58e-07  0,0015625
-2,57e-07  0
-2,56e-07  0
-2,55e-07  -0,003125
-2,54e-07  -0,0015625
-2,53e-07  -0,0015625
-2,52e-07  0
-2,51e-07  0
-2,5e-07  -0,0015625
-2,49e-07  -0,003125
-2,48e-07  -0,0015625
-2,47e-07  0
-2,46e-07  0
-2,45e-07  0,0015625
-2,44e-07  0
-2,43e-07  0
-2,42e-07  -0,0015625
-2,41e-07  -0,003125
-2,4e-07  -0,0015625
-2,39e-07  -0,0015625
-2,38e-07  0
-2,37e-07  0,0015625
-2,36e-07  -0,0015625
-2,35e-07  -0,0015625
-2,34e-07  -0,0015625
-2,33e-07  -0,003125
-2,32e-07  0
-2,31e-07  0,003125
-2,3e-07  0
-2,29e-07  0
-2,28e-07  -0,003125
-2,27e-07  -0,0015625
-2,26e-07  -0,003125
-2,25e-07  -0,0015625
-2,24e-07  0,0015625
-2,23e-07  0
-2,22e-07  0
-2,21e-07  -0,0015625
-2,2e-07  -0,0046875
-2,19e-07  0,0015625
-2,18e-07  0
-2,17e-07  0,0015625
-2,16e-07  0
-2,15e-07  0
-2,14e-07  -0,003125
-2,13e-07  -0,003125
-2,12e-07  -0,003125
-2,11e-07  0
-2,1e-07  0,0015625
-2,09e-07  0,0015625
-2,08e-07  0
-2,07e-07  -0,0015625
-2,06e-07  -0,0015625
-2,05e-07  -0,003125
-2,04e-07  -0,0015625
-2,03e-07  0,0015625
-2,02e-07  0,0015625
-2,01e-07  -0,0015625
-2e-07  -0,003125
-1,99e-07  -0,0046875
-1,98e-07  -0,0015625
-1,97e-07  0,0015625
-1,96e-07  0
-1,95e-07  0
-1,94e-07  0,0015625
-1,93e-07  -0,0015625
-1,92e-07  -0,003125
-1,91e-07  0
-1,9e-07  0
-1,89e-07  0,003125
-1,88e-07  0,0015625
-1,87e-07  0,0015625
-1,86e-07  -0,003125
-1,85e-07  -0,0015625
-1,84e-07  0
-1,83e-07  0
-1,82e-07  0,0015625
-1,81e-07  0,0015625
-1,8e-07  0
-1,79e-07  -0,003125
-1,78e-07  -0,0015625
-1,77e-07  0
-1,76e-07  0,0015625
-1,75e-07  0,0015625
-1,74e-07  0
-1,73e-07  0
-1,72e-07  -0,0015625
-1,71e-07  0
-1,7e-07  0
-1,69e-07  0,0015625
-1,68e-07  0
-1,67e-07  0
-1,66e-07  -0,0015625
-1,65e-07  -0,0015625
-1,64e-07  -0,003125
-1,63e-07  -0,0015625
-1,62e-07  0,0015625
-1,61e-07  0
-1,6e-07  0
-1,59e-07  0
-1,58e-07  -0,0015625
-1,57e-07  -0,0015625
-1,56e-07  -0,0015625
-1,55e-07  -0,0015625
-1,54e-07  0,0015625
-1,53e-07  0
-1,52e-07  -0,0015625
-1,51e-07  -0,003125
-1,5e-07  -0,0015625
-1,49e-07  0
-1,48e-07  0
-1,47e-07  0,0421875
-1,46e-07  0,198437
-1,45e-07  0,198437
-1,44e-07  0,198437
-1,43e-07  0,198437
-1,42e-07  0,198437
-1,41e-07  0,198437
-1,4e-07  0,198437
-1,39e-07  0,198437
-1,38e-07  0,198437
-1,37e-07  0,198437
-1,36e-07  0,198437
-1,35e-07  0,184375
-1,34e-07  0,148438
-1,33e-07  0,0953125
-1,32e-07  0,059375
-1,31e-07  0,0671875
-1,3e-07  0,0640625
-1,29e-07  0,0703125
-1,28e-07  0,075
-1,27e-07  0,08125
-1,26e-07  0,126563
-1,25e-07  0,171875
-1,24e-07  0,167187
-1,23e-07  0,139063
-1,22e-07  0,114063
-1,21e-07  0,0953125
-1,2e-07  0,084375
-1,19e-07  0,0609375
-1,18e-07  0,040625
-1,17e-07  0,0453125
-1,16e-07  0,04375
-1,15e-07  0,021875
-1,14e-07  0,0046875
-1,13e-07  0,003125
-1,12e-07  0,00625
-1,11e-07  0,0125
-1,1e-07  0,0140625
-1,09e-07  0,028125
-1,08e-07  0,04375
-1,07e-07  0,0375
-1,06e-07  0,025
-1,05e-07  0,021875
-1,04e-07  0,01875
-1,03e-07  0,0203125
-1,02e-07  0,03125
-1,01e-07  0,0453125
-1e-07  0,053125
-9,904e-08  0,0625
-9,804e-08  0,0640625
-9,705e-08  0,0609375
-9,604e-08  0,05625
-9,505e-08  0,0484375
-9,404e-08  0,0421875
-9,304e-08  0,0421875
-9,204e-08  0,0453125
-9,104e-08  0,040625
-9,004e-08  0,0359375
-8,904e-08  0,0359375
-8,804e-08  0,034375
-8,704e-08  0,0359375
-8,604e-08  0,0390625
-8,505e-08  0,04375
-8,404e-08  0,0578125
-8,304e-08  0,0703125
-8,205e-08  0,0734375
-8,104e-08  0,065625
-8,004e-08  0,05
-7,904e-08  0,034375
-7,805e-08  0,028125
-7,704e-08  0,01875
-7,604e-08  0,0078125
-7,504e-08  0,0046875
-7,405e-08  0
-7,304e-08  -0,0015625
-7,205e-08  0,003125
-7,104e-08  0,003125
-7,004e-08  0,003125
-6,905e-08  0,0078125
-6,804e-08  0,009375
-6,704e-08  0,0109375
-6,604e-08  0,0140625
-6,505e-08  0,01875
-6,404e-08  0,015625
-6,304e-08  0,0125
-6,204e-08  0,00625
-6,105e-08  0,0015625
-6,004e-08  0
-5,904e-08  0
-5,804e-08  0,0015625
-5,705e-08  0,0015625
-5,604e-08  0,009375
-5,504e-08  0,0125
-5,404e-08  0,0140625
-5,304e-08  0,015625
-5,204e-08  0,0203125
-5,104e-08  0,01875
-5,004e-08  0,01875
-4,904e-08  0,0171875
-4,804e-08  0,01875
-4,704e-08  0,015625
-4,604e-08  0,0125
-4,504e-08  0,0078125
-4,404e-08  0,0078125
-4,304e-08  0,00625
-4,204e-08  0,003125
-4,104e-08  0
-4,005e-08  -0,0015625
-3,904e-08  0,0015625
-3,804e-08  0
-3,704e-08  -0,00625
-3,604e-08  -0,009375
-3,504e-08  -0,009375
-3,404e-08  -0,00625
-3,304e-08  -0,0078125
-3,204e-08  -0,0078125
-3,104e-08  -0,00625
-3,004e-08  -0,00625
-2,904e-08  -0,009375
-2,804e-08  -0,00625
-2,704e-08  -0,0046875
-2,604e-08  -0,0046875
-2,504e-08  -0,003125
-2,404e-08  0
-2,304e-08  -0,0015625
-2,204e-08  0
-2,104e-08  0
-2,004e-08  -0,003125
-1,904e-08  -0,00625
-1,804e-08  0
-1,704e-08  0,0015625
-1,604e-08  0,003125
-1,504e-08  0
-1,404e-08  -0,003125
-1,304e-08  -0,003125
-1,204e-08  -0,003125
-1,104e-08  -0,0015625
-1,004e-08  0
-9,045e-09  0,0015625
-8,045e-09  0,003125
-7,045e-09  0
-6,045e-09  -0,0046875
-5,045e-09  -0,003125
-4,045e-09  0,003125
-3,045e-09  0,003125
-2,045e-09  0,003125
-1,045e-09  0,003125
-4,5e-11  0,003125
9,55e-10  0,00625
1,955e-09  0,00625
2,955e-09  0,009375
3,955e-09  0,0125
4,955e-09  0,0109375
5,955e-09  0,0078125
6,955e-09  0,003125
7,955e-09  0,0078125
8,955e-09  0,0078125
9,955e-09  0,00625
1,096e-08  0,003125
1,196e-08  0,003125
1,296e-08  0,00625
1,396e-08  0
1,496e-08  -0,0015625
1,596e-08  0,0015625
1,696e-08  0,0046875
1,796e-08  0,0078125
1,896e-08  0,00625
1,996e-08  0,0046875
2,096e-08  0,00625
2,196e-08  0,00625
2,296e-08  0,0078125
2,396e-08  0,00625
2,496e-08  0,009375
2,596e-08  0,0125
2,696e-08  0,0078125
2,796e-08  0,0046875
2,896e-08  0,003125
2,996e-08  0,0015625
3,096e-08  0,0015625
3,196e-08  0
3,296e-08  0,0015625
3,396e-08  0
3,496e-08  0
3,596e-08  -0,0015625
3,696e-08  -0,0015625
3,796e-08  0,0015625
3,896e-08  0,003125
3,996e-08  0,003125
4,096e-08  0,003125
4,196e-08  0,0015625
4,296e-08  0,003125
4,396e-08  0,0046875
4,496e-08  0,003125
4,596e-08  0,003125
4,696e-08  0,0046875
4,796e-08  0,003125
4,896e-08  0
4,996e-08  0
5,096e-08  0,0015625
5,196e-08  0,003125
5,296e-08  0,003125
5,396e-08  0,0015625
5,496e-08  -0,0015625
5,596e-08  0
5,696e-08  0,0015625
5,796e-08  0
5,896e-08  0,003125
5,995e-08  0,003125
6,096e-08  0,00625
6,196e-08  0,0046875
6,296e-08  0,0015625
6,396e-08  0,0015625
6,496e-08  0,003125
6,596e-08  0,0046875
6,696e-08  0,0046875
6,796e-08  0,003125
6,896e-08  0,0046875
6,996e-08  0,0046875
7,096e-08  0,0015625
7,196e-08  0
7,295e-08  0,0015625
7,396e-08  0,00625
7,496e-08  0,00625
7,596e-08  0,003125
7,696e-08  0
7,796e-08  0
7,896e-08  0,003125
7,996e-08  0,00625
8,096e-08  0,0046875
8,196e-08  0,0046875
8,296e-08  0,0046875
8,396e-08  0,0046875
8,496e-08  0,003125
8,596e-08  0,003125
8,696e-08  0,0078125
8,796e-08  0,0078125
8,896e-08  0,00625
8,996e-08  0,003125
9,096e-08  0
9,196e-08  0,0015625
9,296e-08  0,0078125
9,396e-08  0,0046875
9,496e-08  0,003125
9,596e-08  0,0015625
9,696e-08  0,0046875
9,796e-08  0,0015625
9,896e-08  0
9,996e-08  0,0015625
1,01e-07  0,003125
1,02e-07  0,0078125
1,03e-07  0,003125
1,04e-07  0,003125
1,05e-07  0,003125
1,06e-07  0,00625
1,07e-07  0,003125
1,08e-07  0,003125
1,09e-07  0,003125
1,1e-07  0,00625
1,11e-07  0,003125
1,12e-07  0,0015625
1,13e-07  0,0015625
1,14e-07  0,0015625
1,15e-07  0,00625
1,16e-07  0,003125
1,17e-07  0,0015625
1,18e-07  -0,003125
1,19e-07  0,003125
1,2e-07  0,0046875
1,21e-07  0,003125
1,22e-07  0,003125
1,23e-07  0,00625
1,24e-07  0,00625
1,25e-07  0,003125
1,26e-07  0,0015625
1,27e-07  0,0015625
1,28e-07  0,003125
1,29e-07  0,00625
1,3e-07  0,00625
1,31e-07  0,0015625
1,32e-07  0,0015625
1,33e-07  0,0046875
1,34e-07  0,0015625
1,35e-07  0,0046875
1,36e-07  0,00625
1,37e-07  0,00625
1,38e-07  0,00625
1,39e-07  0,003125
1,4e-07  0,0015625
1,41e-07  0,003125
1,42e-07  0,00625
1,43e-07  0,00625
1,44e-07  0,00625
1,45e-07  0,00625
1,46e-07  0,003125
1,47e-07  0,003125
1,48e-07  0,0015625
1,49e-07  0,003125
1,5e-07  0,00625
1,51e-07  0,00625
