
-5,018e-07  -0,0015625
-4,998e-07  0
-4,978e-07  0
-4,958e-07  0
-4,938e-07  -0,0015625
-4,918e-07  0
-4,898e-07  0
-4,878e-07  0,0015625
-4,858e-07  0
-4,838e-07  0
-4,818e-07  -0,0015625
-4,798e-07  -0,003125
-4,778e-07  -0,003125
-4,758e-07  -0,0015625
-4,738e-07  0,0015625
-4,718e-07  -0,0015625
-4,698e-07  0,0015625
-4,678e-07  0
-4,658e-07  -0,0015625
-4,638e-07  -0,0015625
-4,618e-07  0
-4,598e-07  0
-4,578e-07  0
-4,558e-07  0,0015625
-4,538e-07  0
-4,518e-07  -0,0015625
-4,498e-07  0
-4,478e-07  0,0015625
-4,458e-07  -0,0015625
-4,438e-07  -0,0015625
-4,418e-07  -0,0015625
-4,398e-07  0,0015625
-4,378e-07  0
-4,358e-07  -0,0015625
-4,338e-07  0
-4,318e-07  -0,0015625
-4,298e-07  -0,0015625
-4,278e-07  0,0015625
-4,258e-07  0
-4,238e-07  -0,0015625
-4,218e-07  0
-4,198e-07  0
-4,178e-07  0
-4,158e-07  0,0015625
-4,138e-07  0,0015625
-4,118e-07  -0,0015625
-4,098e-07  -0,0015625
-4,078e-07  -0,0015625
-4,058e-07  -0,0015625
-4,038e-07  0,0015625
-4,018e-07  0
-3,998e-07  0,0015625
-3,978e-07  0,0015625
-3,958e-07  -0,0015625
-3,938e-07  -0,0015625
-3,918e-07  0
-3,898e-07  0,0015625
-3,878e-07  0
-3,858e-07  0,0015625
-3,838e-07  0
-3,818e-07  -0,0015625
-3,798e-07  0
-3,778e-07  0,0015625
-3,758e-07  -0,0015625
-3,738e-07  -0,0015625
-3,718e-07  -0,0015625
-3,698e-07  0,0015625
-3,678e-07  0,0015625
-3,658e-07  0
-3,638e-07  0
-3,618e-07  0,0015625
-3,598e-07  0
-3,578e-07  0
-3,558e-07  0
-3,538e-07  -0,0015625
-3,518e-07  0,0015625
-3,498e-07  0
-3,478e-07  0
-3,458e-07  0,0015625
-3,438e-07  0
-3,418e-07  0
-3,398e-07  -0,0015625
-3,378e-07  0,0015625
-3,358e-07  0
-3,338e-07  0
-3,318e-07  0
-3,298e-07  0
-3,278e-07  -0,003125
-3,258e-07  0
-3,238e-07  -0,0015625
-3,218e-07  0,0015625
-3,198e-07  0,0015625
-3,178e-07  -0,003125
-3,158e-07  0,0015625
-3,138e-07  0
-3,118e-07  0
-3,098e-07  0,0015625
-3,078e-07  0
-3,058e-07  0
-3,038e-07  0
-3,018e-07  -0,0015625
-2,998e-07  -0,0015625
-2,978e-07  -0,0015625
-2,958e-07  0
-2,938e-07  0,0015625
-2,918e-07  0
-2,898e-07  0,0015625
-2,878e-07  -0,0015625
-2,858e-07  -0,0015625
-2,838e-07  0
-2,818e-07  0,0015625
-2,798e-07  0,0015625
-2,778e-07  0,0015625
-2,758e-07  0,0015625
-2,738e-07  0,0015625
-2,718e-07  -0,0015625
-2,698e-07  -0,0015625
-2,678e-07  0,0015625
-2,658e-07  -0,0015625
-2,638e-07  -0,0015625
-2,618e-07  0,0015625
-2,598e-07  0,0015625
-2,578e-07  -0,0015625
-2,558e-07  0,0015625
-2,538e-07  0,0015625
-2,518e-07  0
-2,498e-07  0
-2,478e-07  0,0015625
-2,458e-07  -0,0015625
-2,438e-07  0
-2,418e-07  -0,003125
-2,398e-07  -0,0015625
-2,378e-07  0
-2,358e-07  -0,003125
-2,338e-07  0
-2,318e-07  -0,0015625
-2,298e-07  0
-2,278e-07  0,003125
-2,258e-07  0
-2,238e-07  0,0015625
-2,218e-07  -0,0015625
-2,198e-07  -0,0015625
-2,178e-07  0
-2,158e-07  -0,0015625
-2,138e-07  0,0015625
-2,118e-07  0,0015625
-2,098e-07  0
-2,078e-07  -0,0015625
-2,058e-07  -0,0015625
-2,038e-07  -0,0015625
-2,018e-07  0,0015625
-1,998e-07  -0,0015625
-1,978e-07  0
-1,958e-07  -0,0015625
-1,938e-07  -0,0015625
-1,918e-07  0
-1,898e-07  0
-1,878e-07  -0,0015625
-1,858e-07  0
-1,838e-07  -0,0015625
-1,818e-07  -0,0015625
-1,798e-07  0
-1,778e-07  0
-1,758e-07  0
-1,738e-07  0,0015625
-1,718e-07  0,003125
-1,698e-07  0,0015625
-1,678e-07  -0,003125
-1,658e-07  -0,003125
-1,638e-07  0,0015625
-1,618e-07  0,0015625
-1,598e-07  0,0015625
-1,578e-07  0,0015625
-1,558e-07  0
-1,538e-07  0
-1,518e-07  0
-1,498e-07  0
-1,478e-07  0
-1,458e-07  0
-1,438e-07  0
-1,418e-07  -0,003125
-1,398e-07  0
-1,378e-07  -0,0109375
-1,358e-07  -0,0265625
-1,338e-07  -0,0515625
-1,318e-07  -0,0671875
-1,298e-07  -0,0578125
-1,278e-07  -0,0203125
-1,258e-07  0,0046875
-1,238e-07  0,0171875
-1,218e-07  0,0078125
-1,198e-07  -0,0140625
-1,178e-07  -0,025
-1,158e-07  -0,01875
-1,138e-07  -0,00625
-1,118e-07  0,0078125
-1,098e-07  0,0203125
-1,078e-07  0,01875
-1,058e-07  0
-1,038e-07  0,003125
-1,018e-07  0,0140625
-9,98e-08  0,0125
-9,78e-08  0,0109375
-9,58e-08  0,0171875
-9,38e-08  0,015625
-9,18e-08  0,0109375
-8,98e-08  0,0125
-8,78e-08  0,0171875
-8,58e-08  0,0125
-8,38e-08  0,0046875
-8,18e-08  0,0046875
-7,98e-08  0,0046875
-7,78e-08  0,0015625
-7,58e-08  0,003125
-7,38e-08  0,0046875
-7,18e-08  0,003125
-6,98e-08  0
-6,78e-08  0,00625
-6,58e-08  0,0046875
-6,38e-08  -0,0015625
-6,18e-08  -0,0015625
-5,98e-08  0,003125
-5,78e-08  -0,0015625
-5,58e-08  0,00625
-5,38e-08  0,00625
-5,18e-08  0,003125
-4,98e-08  0
-4,78e-08  -0,0015625
-4,58e-08  -0,0015625
-4,38e-08  0
-4,18e-08  0,0046875
-3,98e-08  0,009375
-3,78e-08  0,00625
-3,58e-08  0,00625
-3,38e-08  0,003125
-3,18e-08  0
-2,98e-08  0,0015625
-2,78e-08  0,003125
-2,58e-08  0,003125
-2,38e-08  0,0015625
-2,18e-08  0
-1,98e-08  0,003125
-1,78e-08  0,003125
-1,58e-08  0,0015625
-1,38e-08  0,003125
-1,18e-08  0,003125
-9,801e-09  0
-7,801e-09  0
-5,801e-09  0,0015625
-3,801e-09  0,003125
-1,801e-09  0,003125
1,99e-10  0,003125
2,199e-09  0,003125
4,199e-09  0,0046875
6,199e-09  0,003125
8,199e-09  0,0015625
1,02e-08  0,0015625
1,22e-08  0
1,42e-08  0,003125
1,62e-08  0,0015625
1,82e-08  0
2,02e-08  0,003125
2,22e-08  0,003125
2,42e-08  0,0046875
2,62e-08  0,003125
2,82e-08  0,003125
3,02e-08  0,0015625
3,22e-08  0,0015625
3,42e-08  0,0015625
3,62e-08  0,003125
3,82e-08  0,003125
4,02e-08  0,0015625
4,22e-08  0,003125
4,42e-08  0,0046875
4,62e-08  0,0015625
4,82e-08  0,0015625
5,02e-08  0,0015625
5,22e-08  0,003125
5,42e-08  0,0015625
5,62e-08  0,0015625
5,82e-08  0,0015625
6,02e-08  0,0015625
6,22e-08  0,0015625
6,42e-08  0,0015625
6,62e-08  0,0015625
6,82e-08  -0,0015625
7,02e-08  0,0015625
7,22e-08  0,0015625
7,42e-08  0
7,62e-08  0,0015625
7,82e-08  0
8,02e-08  0
8,22e-08  0,0015625
8,42e-08  0,0015625
8,62e-08  0,003125
8,82e-08  0,003125
9,02e-08  0
9,22e-08  0,003125
9,42e-08  0,0015625
9,62e-08  0,0015625
9,82e-08  0,0015625
1,002e-07  0,003125
1,022e-07  0,0015625
1,042e-07  0,0015625
1,062e-07  0,003125
1,082e-07  0,0015625
1,102e-07  0
1,122e-07  0
1,142e-07  0,0015625
1,162e-07  0,003125
1,182e-07  0,0015625
1,202e-07  0,0015625
1,222e-07  0,0015625
1,242e-07  0,0015625
1,262e-07  0,003125
1,282e-07  0,0015625
1,302e-07  0
1,322e-07  0
1,342e-07  0,0015625
1,362e-07  0,003125
1,382e-07  0,0015625
1,402e-07  0,0015625
1,422e-07  0,003125
1,442e-07  0,0015625
1,462e-07  0,003125
1,482e-07  0,0015625
1,502e-07  -0,0015625
1,522e-07  0,003125
1,542e-07  0,003125
1,562e-07  0,0015625
1,582e-07  0
1,602e-07  0
1,622e-07  0,003125
1,642e-07  0,0015625
1,662e-07  0
1,682e-07  0,0015625
1,702e-07  0
1,722e-07  0,0015625
1,742e-07  0,0015625
1,762e-07  0,003125
1,782e-07  0,0015625
1,802e-07  0,0015625
1,822e-07  0,003125
1,842e-07  0,0015625
1,862e-07  0
1,882e-07  -0,0015625
1,902e-07  0,003125
1,922e-07  0,003125
1,942e-07  0,0015625
1,962e-07  0,0015625
1,982e-07  0,0015625
2,002e-07  0,0015625
2,022e-07  0,0015625
2,042e-07  0,003125
2,062e-07  0,0015625
2,082e-07  0
2,102e-07  0,003125
2,122e-07  0
2,142e-07  0,0015625
2,162e-07  0,003125
2,182e-07  0
2,202e-07  -0,0015625
2,222e-07  0
2,242e-07  0,0015625
2,262e-07  0
2,282e-07  0
2,302e-07  0
2,322e-07  0,0015625
2,342e-07  0
2,362e-07  0
2,382e-07  0,003125
2,402e-07  0
2,422e-07  0,0015625
2,442e-07  0,0015625
2,462e-07  0
2,482e-07  0
2,502e-07  -0,0015625
2,522e-07  0,003125
2,542e-07  -0,0015625
2,562e-07  0,0015625
2,582e-07  0
2,602e-07  0,003125
2,622e-07  0,0015625
2,642e-07  0,0015625
2,662e-07  0,003125
2,682e-07  0
2,702e-07  0
2,722e-07  0,0015625
2,742e-07  0,0015625
2,762e-07  -0,0015625
2,782e-07  0,0015625
2,802e-07  0,0015625
2,822e-07  0,0015625
2,842e-07  0,003125
2,862e-07  0,0015625
2,882e-07  0,0015625
2,902e-07  0
2,922e-07  0
2,942e-07  0
2,962e-07  0
2,982e-07  0,0015625
3,002e-07  0,003125
3,022e-07  0,0015625
3,042e-07  0,0015625
3,062e-07  0,0015625
3,082e-07  -0,0015625
3,102e-07  0
3,122e-07  -0,0015625
3,142e-07  0,0015625
3,162e-07  0,003125
3,182e-07  -0,0015625
3,202e-07  0,0015625
3,222e-07  0,003125
3,242e-07  -0,0015625
3,262e-07  0,0015625
3,282e-07  0
3,302e-07  0,0015625
3,322e-07  0,003125
3,342e-07  0,0015625
3,362e-07  0,0015625
3,382e-07  0,0015625
3,402e-07  0,0015625
3,422e-07  0,0046875
3,442e-07  0,003125
3,462e-07  0,0015625
3,482e-07  0,0015625
3,502e-07  -0,0015625
3,522e-07  0
3,542e-07  0,0015625
3,562e-07  0,003125
3,582e-07  0,0015625
3,602e-07  -0,0015625
3,622e-07  0
3,642e-07  -0,0015625
3,662e-07  -0,0015625
3,682e-07  0,0015625
3,702e-07  0
3,722e-07  0
3,742e-07  0
3,762e-07  0
3,782e-07  0
3,802e-07  0
3,822e-07  0,003125
3,842e-07  0,0046875
3,862e-07  0,003125
3,882e-07  0,003125
3,902e-07  0,003125
3,922e-07  0,0015625
3,942e-07  0,0015625
3,962e-07  0,0015625
3,982e-07  0,003125
4,002e-07  0,0015625
4,022e-07  0
4,042e-07  0,0015625
4,062e-07  0
4,082e-07  0,003125
4,102e-07  0,0015625
4,122e-07  0,0015625
4,142e-07  0,0015625
4,162e-07  0,0015625
4,182e-07  0,0015625
4,202e-07  0,0015625
4,222e-07  0,0015625
4,242e-07  0,0015625
4,262e-07  0
4,282e-07  0,0015625
4,302e-07  0
4,322e-07  0,0015625
4,342e-07  0
4,362e-07  0
4,382e-07  0,0015625
4,402e-07  0,0015625
4,422e-07  0
4,442e-07  0,0015625
4,462e-07  0
4,482e-07  0,0015625
4,502e-07  0,0015625
4,522e-07  0,0015625
4,542e-07  0,003125
4,562e-07  0
4,582e-07  0,0015625
4,602e-07  0,0015625
4,622e-07  0,0015625
4,642e-07  0
4,662e-07  0,003125
4,682e-07  0
4,702e-07  0,0015625
4,722e-07  0,0015625
4,742e-07  0,0015625
4,762e-07  0,0015625
4,782e-07  0,0015625
4,802e-07  0,003125
4,822e-07  0
4,842e-07  0
4,862e-07  0,003125
4,882e-07  0,0015625
4,902e-07  0,0015625
4,922e-07  0
4,942e-07  0,0015625
4,962e-07  0,0015625
4,982e-07  0,0015625
5,002e-07  0,0015625
