
-3,501e-07  -0,0015625
-3,491e-07  0
-3,481e-07  0,0015625
-3,471e-07  0,0015625
-3,461e-07  0,0015625
-3,451e-07  0
-3,441e-07  0
-3,431e-07  -0,003125
-3,421e-07  0
-3,411e-07  0
-3,401e-07  0,0015625
-3,391e-07  -0,0015625
-3,381e-07  -0,0015625
-3,371e-07  -0,0015625
-3,361e-07  -0,003125
-3,351e-07  -0,003125
-3,341e-07  0
-3,331e-07  0,0015625
-3,321e-07  0
-3,311e-07  0
-3,301e-07  -0,0015625
-3,291e-07  -0,0015625
-3,281e-07  -0,0015625
-3,271e-07  0
-3,261e-07  0,0015625
-3,251e-07  0,003125
-3,241e-07  -0,0015625
-3,231e-07  -0,003125
-3,221e-07  -0,003125
-3,211e-07  0
-3,201e-07  0
-3,191e-07  0
-3,181e-07  0
-3,171e-07  0
-3,161e-07  -0,003125
-3,151e-07  -0,0015625
-3,141e-07  0
-3,131e-07  0
-3,121e-07  0,0015625
-3,111e-07  0
-3,101e-07  -0,0015625
-3,091e-07  -0,003125
-3,081e-07  -0,0015625
-3,071e-07  -0,0015625
-3,061e-07  -0,0015625
-3,051e-07  0,0015625
-3,041e-07  -0,0015625
-3,031e-07  -0,0015625
-3,021e-07  0
-3,011e-07  0
-3,001e-07  0
-2,991e-07  0,0046875
-2,981e-07  0,0015625
-2,971e-07  -0,0015625
-2,961e-07  -0,0015625
-2,951e-07  -0,0046875
-2,941e-07  -0,003125
-2,931e-07  0
-2,921e-07  0,0015625
-2,911e-07  0
-2,901e-07  0
-2,891e-07  0
-2,881e-07  -0,003125
-2,871e-07  0
-2,861e-07  0,0015625
-2,851e-07  0,0015625
-2,841e-07  0
-2,831e-07  0
-2,821e-07  -0,0015625
-2,811e-07  -0,003125
-2,801e-07  -0,003125
-2,791e-07  -0,0015625
-2,781e-07  0
-2,771e-07  0,0015625
-2,761e-07  0
-2,751e-07  -0,0015625
-2,741e-07  -0,0015625
-2,731e-07  -0,0015625
-2,721e-07  0
-2,711e-07  0
-2,701e-07  -0,0015625
-2,691e-07  0
-2,681e-07  -0,0015625
-2,671e-07  -0,003125
-2,661e-07  -0,003125
-2,651e-07  0
-2,641e-07  0
-2,631e-07  0
-2,621e-07  0,0015625
-2,611e-07  -0,0015625
-2,601e-07  -0,0015625
-2,591e-07  -0,0015625
-2,581e-07  0
-2,571e-07  0,0015625
-2,561e-07  0,0015625
-2,551e-07  0,0015625
-2,541e-07  -0,0015625
-2,531e-07  -0,003125
-2,521e-07  0
-2,511e-07  0
-2,501e-07  0,0015625
-2,491e-07  0
-2,481e-07  0
-2,471e-07  0
-2,461e-07  -0,0015625
-2,451e-07  0,0015625
-2,441e-07  0,0015625
-2,431e-07  0,0015625
-2,421e-07  0,0015625
-2,411e-07  0
-2,401e-07  -0,003125
-2,391e-07  -0,0015625
-2,381e-07  -0,0015625
-2,371e-07  0,003125
-2,361e-07  0
-2,351e-07  0,0015625
-2,341e-07  0,0015625
-2,331e-07  -0,0015625
-2,321e-07  -0,0015625
-2,311e-07  0
-2,301e-07  0
-2,291e-07  0,0015625
-2,281e-07  0
-2,271e-07  0
-2,261e-07  -0,003125
-2,251e-07  -0,003125
-2,241e-07  -0,0015625
-2,231e-07  0
-2,221e-07  0,003125
-2,211e-07  0,003125
-2,201e-07  -0,003125
-2,191e-07  -0,003125
-2,181e-07  -0,003125
-2,171e-07  0
-2,161e-07  0
-2,151e-07  0,0015625
-2,141e-07  0
-2,131e-07  0
-2,121e-07  0
-2,111e-07  -0,0046875
-2,101e-07  0
-2,091e-07  0,0015625
-2,081e-07  0,0015625
-2,071e-07  0
-2,061e-07  0
-2,051e-07  -0,0015625
-2,041e-07  -0,0015625
-2,031e-07  0
-2,021e-07  0
-2,011e-07  0,003125
-2,001e-07  0
-1,991e-07  -0,003125
-1,981e-07  -0,0015625
-1,971e-07  0
-1,961e-07  0,0015625
-1,951e-07  0
-1,941e-07  0,0015625
-1,931e-07  0,0015625
-1,921e-07  -0,0015625
-1,911e-07  -0,0015625
-1,901e-07  -0,0015625
-1,891e-07  -0,0015625
-1,881e-07  0
-1,871e-07  0
-1,861e-07  0
-1,851e-07  -0,0015625
-1,841e-07  -0,003125
-1,831e-07  -0,0015625
-1,821e-07  0,0015625
-1,811e-07  0
-1,801e-07  0,0015625
-1,791e-07  -0,0015625
-1,781e-07  0
-1,771e-07  -0,0015625
-1,761e-07  -0,0015625
-1,751e-07  0,0015625
-1,741e-07  0,0015625
-1,731e-07  0,0015625
-1,721e-07  -0,0015625
-1,711e-07  -0,0015625
-1,701e-07  -0,0015625
-1,691e-07  0
-1,681e-07  0
-1,671e-07  0,0015625
-1,661e-07  0,0015625
-1,651e-07  0,0015625
-1,641e-07  0
-1,631e-07  0
-1,621e-07  0
-1,611e-07  0,0015625
-1,601e-07  0,0015625
-1,591e-07  0,0015625
-1,581e-07  0
-1,571e-07  -0,0015625
-1,561e-07  -0,0015625
-1,551e-07  0
-1,541e-07  0
-1,531e-07  0,0015625
-1,521e-07  0,0015625
-1,511e-07  0
-1,501e-07  -0,0015625
-1,491e-07  0,00625
-1,481e-07  0,053125
-1,471e-07  0,0984375
-1,461e-07  0,15
-1,451e-07  0,182812
-1,441e-07  0,182812
-1,431e-07  0,165625
-1,421e-07  0,198437
-1,411e-07  0,198437
-1,401e-07  0,198437
-1,391e-07  0,198437
-1,381e-07  0,198437
-1,371e-07  0,198437
-1,361e-07  0,198437
-1,351e-07  0,198437
-1,341e-07  0,198437
-1,331e-07  0,198437
-1,321e-07  0,198437
-1,311e-07  0,198437
-1,301e-07  0,198437
-1,291e-07  0,171875
-1,281e-07  0,103125
-1,271e-07  0,0609375
-1,261e-07  0,0328125
-1,251e-07  0,028125
-1,241e-07  0,028125
-1,231e-07  0,0484375
-1,221e-07  0,08125
-1,211e-07  0,126563
-1,201e-07  0,164063
-1,191e-07  0,16875
-1,181e-07  0,154688
-1,171e-07  0,129688
-1,161e-07  0,117188
-1,151e-07  0,1
-1,141e-07  0,0703125
-1,131e-07  0,03125
-1,121e-07  -0,0109375
-1,111e-07  -0,034375
-1,101e-07  -0,0453125
-1,091e-07  -0,04375
-1,081e-07  -0,0203125
-1,071e-07  0,003125
-1,061e-07  0,015625
-1,051e-07  0,01875
-1,041e-07  0,0171875
-1,031e-07  0,0078125
-1,021e-07  0,0046875
-1,011e-07  0,0078125
-1,001e-07  0,0140625
-9,91e-08  0,01875
-9,81e-08  0,015625
-9,71e-08  0,009375
-9,61e-08  0
-9,51e-08  0,003125
-9,41e-08  0,015625
-9,31e-08  0,0359375
-9,21e-08  0,059375
-9,11e-08  0,075
-9,01e-08  0,0734375
-8,91e-08  0,0625
-8,81e-08  0,05
-8,71e-08  0,04375
-8,61e-08  0,0390625
-8,51e-08  0,0328125
-8,41e-08  0,028125
-8,31e-08  0,0234375
-8,21e-08  0,021875
-8,11e-08  0,0203125
-8,01e-08  0,03125
-7,91e-08  0,053125
-7,81e-08  0,06875
-7,71e-08  0,0734375
-7,61e-08  0,0625
-7,51e-08  0,0421875
-7,41e-08  0,025
-7,31e-08  0,015625
-7,21e-08  0,0046875
-7,11e-08  -0,0046875
-7,01e-08  -0,01875
-6,91e-08  -0,0265625
-6,81e-08  -0,03125
-6,71e-08  -0,0296875
-6,61e-08  -0,01875
-6,51e-08  -0,009375
-6,41e-08  0,0015625
-6,31e-08  0,00625
-6,21e-08  0,0078125
-6,11e-08  0,0046875
-6,01e-08  0
-5,91e-08  0,0015625
-5,81e-08  0
-5,71e-08  -0,0046875
-5,61e-08  -0,009375
-5,51e-08  -0,0171875
-5,41e-08  -0,015625
-5,31e-08  -0,0109375
-5,21e-08  -0,003125
-5,11e-08  0,0046875
-5,01e-08  0,015625
-4,91e-08  0,021875
-4,81e-08  0,0265625
-4,71e-08  0,0265625
-4,61e-08  0,025
-4,51e-08  0,025
-4,41e-08  0,025
-4,31e-08  0,021875
-4,21e-08  0,0203125
-4,11e-08  0,0140625
-4,01e-08  0,00625
-3,91e-08  0,0015625
-3,81e-08  -0,0015625
-3,71e-08  -0,003125
-3,61e-08  -0,003125
-3,51e-08  -0,0046875
-3,41e-08  -0,0046875
-3,31e-08  -0,0078125
-3,21e-08  -0,00625
-3,11e-08  0
-3,01e-08  0,003125
-2,91e-08  0,0046875
-2,81e-08  0,00625
-2,71e-08  0,009375
-2,61e-08  0,003125
-2,51e-08  0,0015625
-2,41e-08  -0,003125
-2,31e-08  -0,0015625
-2,21e-08  -0,0015625
-2,11e-08  -0,00625
-2,01e-08  0
-1,91e-08  0
-1,81e-08  0
-1,71e-08  0,003125
-1,61e-08  0,0015625
-1,51e-08  0,0015625
-1,41e-08  0,0046875
-1,31e-08  0,0046875
-1,21e-08  0,0015625
-1,11e-08  0
-1,01e-08  0,003125
-9,1e-09  0,00625
-8,1e-09  0,0078125
-7,1e-09  0,0078125
-6,1e-09  0,009375
-5,1e-09  0,00625
-4,1e-09  0,0046875
-3,1e-09  0,003125
-2,1e-09  0,003125
-1,1e-09  0,0046875
-1e-10  0,0046875
9e-10  0,0015625
1,9e-09  0,0015625
2,9e-09  -0,0015625
3,9e-09  0,0015625
4,9e-09  0,0046875
5,9e-09  0,0109375
6,9e-09  0,0140625
7,9e-09  0,0125
8,9e-09  0,0140625
9,9e-09  0,015625
1,09e-08  0,015625
1,19e-08  0,0171875
1,29e-08  0,015625
1,39e-08  0,0140625
1,49e-08  0,0078125
1,59e-08  0,003125
1,69e-08  0,003125
1,79e-08  0,003125
1,89e-08  0,0046875
1,99e-08  0,0046875
2,09e-08  0,0078125
2,19e-08  0,00625
2,29e-08  0,003125
2,39e-08  0,00625
2,49e-08  0,0078125
2,59e-08  0,0125
2,69e-08  0,0125
2,79e-08  0,0125
2,89e-08  0,0109375
2,99e-08  0,0109375
3,09e-08  0,0109375
3,19e-08  0,0109375
3,29e-08  0,009375
3,39e-08  0,009375
3,49e-08  0,009375
3,59e-08  0,0078125
3,69e-08  0,00625
3,79e-08  0,003125
3,89e-08  0,0046875
3,99e-08  0,0046875
4,09e-08  0,0046875
4,19e-08  0,00625
4,29e-08  0,0015625
4,39e-08  0,003125
4,49e-08  0,0015625
4,59e-08  0,003125
4,69e-08  0,00625
4,79e-08  0,0078125
4,89e-08  0,0078125
4,99e-08  0,0078125
5,09e-08  0,009375
5,19e-08  0,0078125
5,29e-08  0,0078125
5,39e-08  0,00625
5,49e-08  0,009375
5,59e-08  0,00625
5,69e-08  0,00625
5,79e-08  0,0046875
5,89e-08  0,003125
5,99e-08  0,00625
6,09e-08  0,00625
6,19e-08  0,00625
6,29e-08  0,0046875
6,39e-08  0,003125
6,49e-08  0,0015625
6,59e-08  0,003125
6,69e-08  0,00625
6,79e-08  0,0109375
6,89e-08  0,009375
6,99e-08  0,009375
7,09e-08  0,0078125
7,19e-08  0,0078125
7,29e-08  0,009375
7,39e-08  0,0109375
7,49e-08  0,0125
7,59e-08  0,0109375
7,69e-08  0,009375
7,79e-08  0,00625
7,89e-08  0,00625
7,99e-08  0,003125
8,09e-08  0,0078125
8,19e-08  0,00625
8,29e-08  0,00625
8,39e-08  0,00625
8,49e-08  0,00625
8,59e-08  0,0046875
8,69e-08  0,00625
8,79e-08  0,009375
8,89e-08  0,009375
8,99e-08  0,0109375
9,09e-08  0,0109375
9,19e-08  0,0078125
9,29e-08  0,0078125
9,39e-08  0,0078125
9,49e-08  0,00625
9,59e-08  0,0078125
9,69e-08  0,0078125
9,79e-08  0,009375
9,89e-08  0,00625
9,99e-08  0,0046875
1,009e-07  0,00625
1,019e-07  0,00625
1,029e-07  0,009375
1,039e-07  0,00625
1,049e-07  0,0046875
1,059e-07  0,0046875
1,069e-07  0,0015625
1,079e-07  0,00625
1,089e-07  0,0078125
1,099e-07  0,0078125
1,109e-07  0,0078125
1,119e-07  0,00625
1,129e-07  0,00625
1,139e-07  0,00625
1,149e-07  0,0078125
1,159e-07  0,0125
1,169e-07  0,009375
1,179e-07  0,009375
1,189e-07  0,00625
1,199e-07  0,0046875
1,209e-07  0,0046875
1,219e-07  0,0046875
1,229e-07  0,00625
1,239e-07  0,0078125
1,249e-07  0,0078125
1,259e-07  0,0078125
1,269e-07  0,0046875
1,279e-07  0,009375
1,289e-07  0,0078125
1,299e-07  0,0109375
1,309e-07  0,009375
1,319e-07  0,0078125
1,329e-07  0,009375
1,339e-07  0,0078125
1,349e-07  0,00625
1,359e-07  0,00625
1,369e-07  0,0109375
1,379e-07  0,0109375
1,389e-07  0,0109375
1,399e-07  0,0078125
1,409e-07  0,00625
1,419e-07  0,00625
1,429e-07  0,00625
1,439e-07  0,0078125
1,449e-07  0,0078125
1,459e-07  0,0078125
1,469e-07  0,0078125
1,479e-07  0,0078125
1,489e-07  0,0078125
1,499e-07  0,0109375
1,509e-07  0,009375
